"causal_effect","causal_pvalue","pleiotropy_effect","pleiotropy_pvalue","sigma_cisSNP","sigma_error_1","sigma_error_2","gene","Chromosome","ENSEMBL"
0.00237785923796417,0.0404392426321084,-9.76999701669255e-05,0.671684505022352,0.0397455591995666,0.0531584415324213,0.999992406444301,"ENSG00000251000.1",5,"ENSG00000251000"
1.11331225868332e-05,0.995462654211809,-0.000176728415101156,0.651588004423851,0.0425454035107626,0.610747281419502,0.999998342665989,"ENSG00000250999.1",5,"ENSG00000250999"
-0.00195591007781214,0.162906556327638,-4.82987484655038e-05,0.852763013040375,0.0381733014198656,0.24191769755492,0.999995383887156,"ENSG00000280207.1",5,"ENSG00000280207"
-0.000520698649441363,0.689235130322936,-0.000968110349264546,0.285225060193228,0.483788585198166,0.0242970634968441,0.999995923636008,"ENSG00000197083.11",5,"ENSG00000197083"
-0.00169951871370483,0.257081390989246,-0.000312954148792575,0.258736831357996,0.0367547764061666,0.329536238570858,0.999995011618055,"ENSG00000275765.5",5,"ENSG00000275765"
-0.00102219884679719,0.383876280342744,-4.67280053788107e-05,0.847737485680214,0.0431419229767618,0.0376463032810839,0.999997574282314,"ENSG00000256235.1",5,"ENSG00000256235"
-0.00201854873423716,0.223532593164708,-0.000186504478606706,0.571950307781177,0.0411406488842533,0.433793753710971,0.999995713018945,"ENSG00000260581.1",5,"ENSG00000260581"
0.000842340233852729,0.564614927716286,-0.000284748631206104,0.281411956173364,0.0353149783575041,0.363152202593395,0.999996715193201,"ENSG00000086589.11",5,"ENSG00000086589"
0.00039742262343955,0.786526636753104,-0.000263926433704723,0.329930871567357,0.0353130988512329,0.353563144660699,0.999997279436506,"ENSG00000145908.12",5,"ENSG00000145908"
0.00434379431006642,0.00220209808730626,0.000232198975010283,0.310565296572205,0.0277543894287186,0.321107060013142,0.999982627705136,"ENSG00000044115.20",5,"ENSG00000044115"
-0.0017431990586292,0.13288384441506,-0.000226204024452603,0.316682534051908,0.0385684940910693,0.0723477738506361,0.999994167824753,"ENSG00000145632.14",5,"ENSG00000145632"
0.000733482198187203,0.542877461819288,0.000105698214049539,0.680781464106178,0.0459159741347333,0.0807202812684422,0.999997811223642,"ENSG00000062194.15",5,"ENSG00000062194"
0.000817682582536808,0.491275209760715,0.000106169222306745,0.620094267644657,0.033190854911832,0.0861285985507125,0.999997620807304,"ENSG00000251221.1",5,"ENSG00000251221"
-0.000989312583579501,0.421831120665103,0.000181017443667367,0.495474605306015,0.0466801861095765,0.0343171957269216,0.999997543357419,"ENSG00000223361.5",5,"ENSG00000223361"
-0.000233791979817136,0.826121781305484,-0.000113571284333113,0.700120402982101,0.0771078801233507,0.081979781137577,0.999998418211589,"ENSG00000064651.13",5,"ENSG00000064651"
0.000773957034843134,0.567637167056851,-0.000111675784524349,0.641163256134515,0.0330440331467819,0.261341017125296,0.999997973120371,"ENSG00000249180.1",5,"ENSG00000249180"
-0.00115385782612193,0.399766835630381,-7.84078885688573e-05,0.774112841927531,0.0416217639087459,0.269739090253062,0.999997339007497,"ENSG00000113231.13",5,"ENSG00000113231"
-0.00490697206956727,0.00122089950977806,-0.000101910622341496,0.840575621422902,0.108445379780759,0.343062641602243,0.999982341126818,"ENSG00000249916.1",5,"ENSG00000249916"
9.11759845586478e-05,0.948596884692019,2.37614628912849e-05,0.931597275757298,0.0409539907243809,0.307294892144997,0.999998607080074,"ENSG00000164185.5",5,"ENSG00000164185"
-0.003719087297596,0.00839515575663652,7.461604054788e-05,0.82289568066676,0.0565062403968051,0.233762073849009,0.999988712883921,"ENSG00000250328.5",5,"ENSG00000250328"
-0.00347471563484812,0.00994386785537304,6.41392739004535e-05,0.765646199516338,0.0269535723743741,0.17773998762573,0.999988675021439,"ENSG00000205302.6",5,"ENSG00000205302"
-7.10783800242289e-05,0.942470486552544,7.34856342541936e-05,0.657050859408399,0.028363632177203,0.0268053201856194,0.999998352499439,"ENSG00000176857.5",5,"ENSG00000176857"
1.73640233804517e-05,0.986583704579841,0.000367991461766842,0.141437313735621,0.0591075153618848,0.0950645590840924,0.999995351773794,"ENSG00000250337.5",5,"ENSG00000250337"
-0.00126473029062195,0.292558409846664,-0.000148461498821288,0.591043682077889,0.0534358644250945,0.132745846995446,0.999996950763324,"ENSG00000155508.13",5,"ENSG00000155508"
-0.00120388538111101,0.412915268913546,0.000199743758661667,0.458705312715838,0.0353683206299829,0.374480336804615,0.999996952024258,"ENSG00000271918.1",5,"ENSG00000271918"
0.000227050096141449,0.87940384946535,0.000118929200584575,0.673273633336785,0.0385749005150402,0.3098713213104,0.999998375589547,"ENSG00000239528.1",5,"ENSG00000239528"
0.000396191915032718,0.771188173792539,0.00084322454168353,0.013160403823798,0.0663929047243278,0.212114670636232,0.999989783320043,"ENSG00000281560.1",5,"ENSG00000281560"
-0.00101662918263607,0.444817347714162,0.000251130115935758,0.28554636457789,0.0319851230160001,0.167188567347547,0.999996367652036,"ENSG00000164466.12",5,"ENSG00000164466"
0.00112352156583916,0.432162169406554,-0.000117534088963028,0.778054619922661,0.0858174551433321,0.168904688205331,0.999997754775168,"ENSG00000197226.12",5,"ENSG00000197226"
-0.00193669792972082,0.2178304437293,-0.000336545941994889,0.305025234386175,0.0449864308079827,0.28862205672227,0.999996126802815,"ENSG00000131446.16",5,"ENSG00000131446"
-0.000417471025742069,0.762626435256916,0.000196140235694601,0.520048697668168,0.0499982938329036,0.336313353984933,0.999997979095063,"ENSG00000164309.14",5,"ENSG00000164309"
0.00188634477471344,0.178275252727845,9.87781685128891e-05,0.714244310561065,0.0384098041212894,0.328058486782222,0.999995870291248,"ENSG00000091009.7",5,"ENSG00000091009"
0.000813221299241181,0.530070250429824,-0.000310029821268156,0.225429556556617,0.0402337898479143,0.180235008392786,0.999995469527227,"ENSG00000251556.1",5,"ENSG00000251556"
-0.00205299639094846,0.101704101343326,-0.000329798710747923,0.264483567302262,0.0570717108733691,0.198977137839664,0.999992480863529,"ENSG00000183258.11",5,"ENSG00000183258"
0.00108305904655756,0.464811707653646,0.000238627636811302,0.365697182606327,0.0335256982898203,0.286255267050447,0.999997203061377,"ENSG00000113761.11",5,"ENSG00000113761"
0.00235380353433999,0.0590458716561177,4.07149481970383e-05,0.883387758697131,0.0507495275432015,0.100968603764198,0.999993475841528,"ENSG00000146067.15",5,"ENSG00000146067"
0.000580990927521333,0.633676463946377,-0.000190059255990688,0.40034429539391,0.034995409103653,0.108552861827342,0.999997381618366,"ENSG00000074317.10",5,"ENSG00000074317"
-0.00202477377616565,0.116403403931821,0.000393480854336808,0.131388019883548,0.0417506787376812,0.1437862647987,0.999993050406971,"ENSG00000048140.17",5,"ENSG00000048140"
-0.0024085601246387,0.0797934421524703,0.000161888127692599,0.563317390486898,0.043607531957493,0.239803792568179,0.999993194658288,"ENSG00000146094.13",5,"ENSG00000146094"
-0.000204099186992833,0.856839766256326,-0.000242977586971323,0.187606400631803,0.0268616457695231,0.0607899027014385,0.999996227342429,"ENSG00000249947.2",5,"ENSG00000249947"
0.00206223997480777,0.0710200443475425,-0.00012936395457962,0.584690635809604,0.044220445756789,0.212966597896962,0.999992650942433,"ENSG00000145592.13",5,"ENSG00000145592"
0.00059195913419611,0.798721997312577,-0.000452604945572272,0.291453888737497,0.0394157783254653,0.670803180600142,0.999997077855302,"ENSG00000171421.12",5,"ENSG00000171421"
-0.00480985058113097,2.39460088850599e-05,-0.000704001737107767,0.00865614455687307,0.0560953583087134,0.0757361019549782,0.999970543814421,"ENSG00000177738.3",5,"ENSG00000177738"
0.00530410813380203,0.0157926544953051,0.000337076465968854,0.23215589611697,0.0258228806501618,0.527609662058287,0.999975424057123,"ENSG00000151882.11",5,"ENSG00000151882"
0.00670769916534686,0.000959103933174972,-0.000469137864787828,0.0341237102694118,0.0160865360183822,0.361661911457842,0.999965305569402,"ENSG00000177453.7",5,"ENSG00000177453"
-0.00233990889022598,0.0761326861891817,0.000349163591829027,0.224651071233468,0.0491498959735557,0.0950455872941698,0.999992803374535,"ENSG00000248092.7",5,"ENSG00000248092"
0.00452858548516607,0.0273719550173968,-0.000337138752428128,0.148545858657398,0.0195556842521284,0.40553684460302,0.999986953750459,"ENSG00000177721.4",5,"ENSG00000177721"
3.91957676996037e-05,0.984738988837581,0.000223665400169541,0.662772892778004,0.0638776409872973,0.469110041936695,0.999998197616754,"ENSG00000164296.6",5,"ENSG00000164296"
-0.000204142723995991,0.873979120541352,-0.000135576252431538,0.53550534730922,0.0297238035262103,0.21570887143734,0.999998029167655,"ENSG00000251450.1",5,"ENSG00000251450"
0.00185289008233901,0.173966594844693,0.000698951841658447,0.107807041043254,0.101947589764353,0.270793655490843,0.999990020212605,"ENSG00000179978.11",5,"ENSG00000179978"
-0.000865305205937671,0.402350224364879,0.000380470008869019,0.0677817938516909,0.04147999759166,0.105222079063647,0.999991962972196,"ENSG00000134058.11",5,"ENSG00000134058"
-0.00312290566456687,0.00364220390423573,0.000138888247619597,0.709421790769538,0.120547411783875,0.0327153626580789,0.999986951414166,"ENSG00000253203.6",5,"ENSG00000253203"
0.00141872746399867,0.335194993765855,-0.000423798503197693,0.188730857003296,0.0502489509816789,0.33055761127209,0.999993863878227,"ENSG00000280187.1",5,"ENSG00000280187"
-0.000916052293693864,0.44164431091235,0.000248267447980148,0.270961497160976,0.0375821574245313,0.314515488602712,0.999996455652854,"ENSG00000085231.13",5,"ENSG00000085231"
0.00370698987942558,0.00238179510361712,3.66495426246078e-05,0.886853399218216,0.0454098738773032,0.15040654543267,0.999985138781649,"ENSG00000153044.9",5,"ENSG00000153044"
-0.00539637021675206,9.20960279221936e-05,0.0011056999359545,0.00149885607752701,0.0636432656847003,0.0202727255621887,0.999972549416767,"ENSG00000183323.12",5,"ENSG00000183323"
4.96251327780839e-05,0.970264066934868,-7.87322459446867e-05,0.69701649944406,0.0237131178949216,0.101509365632515,0.999998409805049,"ENSG00000242198.1",5,"ENSG00000242198"
0.0017433690858855,0.164684774730022,0.000201945947264665,0.466360389815151,0.0500686837906647,0.204167369684211,0.999994266859145,"ENSG00000271797.1",5,"ENSG00000271797"
-0.00212220231745647,0.0863621916250108,0.000702559617925203,0.00415788389873947,0.0401579382134744,0.15812461081049,0.999983712191548,"ENSG00000164574.15",5,"ENSG00000164574"
0.000193684913285835,0.87199312247017,0.000602785134784149,0.00770527556370289,0.035768834451321,0.0893425332147623,0.999988854147786,"ENSG00000145864.12",5,"ENSG00000145864"
3.51581610617697e-06,0.996414976469548,0.000161570162377971,0.420780319578325,0.0669357510634622,0.16970841914893,0.99999771194843,"ENSG00000164181.13",5,"ENSG00000164181"
0.0002774567964158,0.850062950930497,-9.4563756580646e-06,0.972138657957059,0.037061450921312,0.274896795443827,0.999998569091445,"ENSG00000145868.16",5,"ENSG00000145868"
0.000600273293080349,0.575826813720666,-9.39126592880883e-05,0.653417646713989,0.0389857759052951,0.146533925585394,0.999997800806436,"ENSG00000174136.11",5,"ENSG00000174136"
0.00286042652613989,0.0237438470367734,0.000130518535905983,0.609748293205019,0.0416828357980864,0.178824189674844,0.999991381994444,"ENSG00000113282.13",5,"ENSG00000113282"
-0.000262309176042688,0.871310085549115,0.000619523587977925,0.0268130328815394,0.0317212436203804,0.372260364908898,0.999991580056513,"ENSG00000170231.15",5,"ENSG00000170231"
-0.00108376042617662,0.50014737341902,0.000341930401877605,0.277182713661079,0.0401829228019501,0.395789839916746,0.999995588536894,"ENSG00000152503.9",5,"ENSG00000152503"
0.00221846196315945,0.0861945915662181,0.000355579546812591,0.17854363702646,0.0424058915504526,0.182428133058403,0.999991253619797,"ENSG00000129596.4",5,"ENSG00000129596"
0.00135620097709919,0.373108172129783,0.000276984244786955,0.32336462873805,0.0358490245638275,0.39293482413735,0.999995671093955,"ENSG00000145782.12",5,"ENSG00000145782"
0.000453312622563816,0.723598536560371,0.000153242120403821,0.499279224561036,0.0318803441155649,0.0691344378320834,0.9999979290285,"ENSG00000146001.5",5,"ENSG00000146001"
-0.00101221485744347,0.17658688409159,-0.00016505114108694,0.419135646947522,0.0746909783279663,0.0356926863635683,0.999995293655276,"ENSG00000170458.13",5,"ENSG00000170458"
0.00083142416089507,0.41541748200413,-0.000327241039479957,0.126662072722277,0.0453928105014223,0.126935609390422,0.999994384650232,"ENSG00000112855.14",5,"ENSG00000112855"
0.00100428813286975,0.498272808314318,-0.000626025229729388,0.034772782447122,0.0411747997229995,0.360628988950575,0.999991137066968,"ENSG00000240764.3",5,"ENSG00000240764"
-0.00048720496779808,0.622942971586682,-6.39266274364637e-05,0.736889954330105,0.0369056186525557,0.004475316231002,0.99999813778829,"ENSG00000081818.3",5,"ENSG00000081818"
0.000479911967799069,0.668921646087295,0.000374994404642084,0.153403312231347,0.0554491912304134,0.107501295774601,0.999995464751339,"ENSG00000112852.6",5,"ENSG00000112852"
0.00118223697291343,0.304455553546852,0.000243625529261965,0.229516087863606,0.0312967503266001,0.0784501570681335,0.999994695190227,"ENSG00000242419.5",5,"ENSG00000242419"
0.000770614006914613,0.634644834483543,-0.000232786994060527,0.391872975863441,0.0308414980672887,0.354269984818214,0.999997408396724,"ENSG00000231185.6",5,"ENSG00000231185"
-0.00177389887094822,0.272105552481218,0.00026775626147821,0.410677958091548,0.0410800032730796,0.435949843320308,0.999995127233596,"ENSG00000113163.15",5,"ENSG00000113163"
-0.002127392176088,0.154801790104775,-0.000197573360945406,0.385784929596763,0.0240502238300872,0.253115597130053,0.999995025396802,"ENSG00000113263.12",5,"ENSG00000113263"
-0.000847591471220157,0.533935780564626,0.000406206630747129,0.121242200554844,0.0390772697183825,0.169416200805144,0.999993509704842,"ENSG00000213386.3",5,"ENSG00000213386"
-0.00252714738667994,0.129723278846584,0.000647588573130365,0.0702671694845024,0.0467095743077699,0.47928499375726,0.999991647608599,"ENSG00000253955.1",5,"ENSG00000253955"
-0.000400049147611811,0.804352213137099,0.000699384557750518,0.0492825680640041,0.0527969865079563,0.422178228980149,0.999993010654428,"ENSG00000113734.17",5,"ENSG00000113734"
0.00077102146714018,0.56671265639576,5.61876448787669e-05,0.833479799576938,0.0401424495704414,0.207836910248929,0.999998018037563,"ENSG00000177879.15",5,"ENSG00000177879"
0.000515756791566255,0.677189861123628,-0.000494556589251165,0.0599427191772722,0.0466051951098789,0.149200281932364,0.999993631335858,"ENSG00000249249.1",5,"ENSG00000249249"
-0.000409381896264307,0.732224358079992,2.31456191710237e-05,0.914734465749764,0.0329424453654878,0.035614635987305,0.999998428398805,"ENSG00000186314.11",5,"ENSG00000186314"
0.00592304022624364,2.46104569495941e-05,-0.00010199585556299,0.644975163586928,0.0254263966674313,0.209465443602087,0.999972621191269,"ENSG00000248489.1",5,"ENSG00000248489"
0.000394341580465777,0.796111070332151,0.000299610782950722,0.480198942040557,0.0793544232570358,0.471120880394881,0.999997696234047,"ENSG00000246763.6",5,"ENSG00000246763"
-0.00153501375016757,0.212740587453347,-0.000187117504656112,0.426743245581462,0.0368514383444292,0.0487001201260822,0.999995356986733,"ENSG00000172869.14",5,"ENSG00000172869"
0.00016493256049325,0.903712844017283,-0.000169406221154951,0.527267174719331,0.0393067513307112,0.239455429531689,0.999998067267347,"ENSG00000113389.15",5,"ENSG00000113389"
0.00208522019287231,0.0830670822329251,8.07660315948499e-05,0.742092364679016,0.0422429789963752,0.141825014335489,0.999994349697294,"ENSG00000245937.7",5,"ENSG00000245937"
0.000107038425205633,0.902889957093695,-0.00035125166837489,0.150946053096778,0.0785614862612523,0.103846885319266,0.999995767677641,"ENSG00000164190.17",5,"ENSG00000164190"
0.00368048688164806,0.0154828869274108,0.000618919865577681,0.0332452187951819,0.0396729686861216,0.313497731637761,0.999985525558354,"ENSG00000170234.12",5,"ENSG00000170234"
-0.000672614899281112,0.450304250427844,-0.000143265973152657,0.3938421876575,0.0367064528110598,0.131224850327863,0.999996673567341,"ENSG00000035499.12",5,"ENSG00000035499"
0.000586238772035443,0.568134514248527,0.000322049491593208,0.131794007287072,0.0455909033490029,0.30828565995065,0.999993929170666,"ENSG00000113448.18",5,"ENSG00000113448"
0.00436804633386678,0.005745064275192,-0.000108136712400829,0.702637351310816,0.0347769261320716,0.324122765410536,0.999986006085512,"ENSG00000164258.11",5,"ENSG00000164258"
0.000631795628661091,0.74186050832364,8.31052952644607e-05,0.846630145129455,0.0539266555435699,0.56303613888081,0.999998347929493,"ENSG00000280159.1",5,"ENSG00000280159"
-0.000771007000533945,0.481041331819197,0.000119675763786432,0.664421942459585,0.0639929595517001,0.0566718701505459,0.999997434723497,"ENSG00000169271.2",5,"ENSG00000169271"
-0.00214268034201983,0.0539278340474019,-0.000200183943347858,0.405369063307816,0.0470545434942153,0.0263912355994373,0.999993247445175,"ENSG00000067248.9",5,"ENSG00000067248"
0.00221009377488879,0.218039050005155,-0.000461623322715592,0.221177865102001,0.0466285246234242,0.53781673379108,0.999994918776712,"ENSG00000145708.10",5,"ENSG00000145708"
0.00110762946949275,0.423817338208229,1.96877802750841e-05,0.968046532188384,0.126344460963273,0.206135119551735,0.999997671005324,"ENSG00000248544.2",5,"ENSG00000248544"
-0.00146428978879224,0.262280841287823,-0.000110467952873445,0.677251056816362,0.0428625224347566,0.17401027800091,0.999995447641735,"ENSG00000135074.15",5,"ENSG00000135074"
-0.00109843198208977,0.344408526495237,-4.79178927230234e-05,0.8480552117672,0.0465736524856501,0.0427446957922128,0.999997339038416,"ENSG00000172548.14",5,"ENSG00000172548"
-0.00122619223492907,0.298220488526245,-2.96523457502713e-05,0.898515104434837,0.039703627085006,0.0680686764289575,0.999996995257432,"ENSG00000164197.11",5,"ENSG00000164197"
0.000216782425848337,0.755317277137797,5.53212967432866e-05,0.780959667646361,0.0828779549343655,0.187046481408649,0.999998419594169,"ENSG00000113532.12",5,"ENSG00000113532"
0.00119786682863336,0.344791386119539,0.000468463376615422,0.0749225904171576,0.0440218927740183,0.200583202115149,0.99999266770539,"ENSG00000279118.1",5,"ENSG00000279118"
0.00176311204411684,0.258177839694416,0.000213418214917951,0.461988119694525,0.0370110867724442,0.371045424013892,0.999995469016683,"ENSG00000155324.9",5,"ENSG00000155324"
0.000308804247030102,0.826739886755027,1.26751751532787e-05,0.961564469189244,0.0362404292111567,0.299830227336065,0.999998549651255,"ENSG00000250415.1",5,"ENSG00000250415"
0.00132793014328929,0.54149974144928,-7.77631783109164e-05,0.878226899407749,0.0596061701127218,0.523837609194276,0.999997902044089,"ENSG00000145920.14",5,"ENSG00000145920"
0.000259408228949205,0.841174485972105,0.000180294520306489,0.532090458272649,0.0504772148564297,0.109500583733528,0.999998073179665,"ENSG00000197822.10",5,"ENSG00000197822"
-0.00169014686279932,0.162875283289159,0.000188083549237066,0.37670506658837,0.0325144725964994,0.183909985310714,0.99999305132065,"ENSG00000134057.14",5,"ENSG00000134057"
0.000630263891713469,0.649501378265296,0.00020367151464823,0.495902652477389,0.0471750241070709,0.168244350423971,0.999997161146149,"ENSG00000145545.11",5,"ENSG00000145545"
0.000631016567737594,0.59610110285786,0.000227211476572163,0.38905252408313,0.0494383432777702,0.126606116897792,0.999997333077056,"ENSG00000133398.3",5,"ENSG00000133398"
0.000754239517395051,0.661310958892965,0.00011617994107938,0.712043884271989,0.0344012259478705,0.478190713487312,0.999998124075891,"ENSG00000129625.12",5,"ENSG00000129625"
0.000778533126951944,0.554396776898871,0.000162661852673327,0.547037393372335,0.0435096456767357,0.209951130264884,0.999997703800485,"ENSG00000164332.7",5,"ENSG00000164332"
-0.000919240881569006,0.563197134445247,-0.000112789405081993,0.735867125710016,0.0463899781527099,0.415912304402054,0.999998078831305,"ENSG00000113522.13",5,"ENSG00000113522"
-0.000808077052846679,0.519258126246448,-0.000241355070419153,0.335103155946192,0.0407890708516351,0.146016136458188,0.999996677185186,"ENSG00000197536.11",5,"ENSG00000197536"
-0.000879135505715295,0.483106244682537,2.43687004552253e-05,0.929844648405176,0.0500725984087504,0.200410295033564,0.999997923646037,"ENSG00000170606.14",5,"ENSG00000170606"
0.00200012995869675,0.190633929253506,-0.00193027072515202,0.0228781632871883,0.306185864161958,0.0962717315311881,0.9999761067325,"ENSG00000233006.6",5,"ENSG00000233006"
-0.00136518871959111,0.281838582830127,-0.000167847975300377,0.471950917881785,0.0346683466503031,0.114763069999339,0.999996575361588,"ENSG00000072364.12",5,"ENSG00000072364"
0.000236913318891579,0.832748157648451,0.000568174043520485,0.0025254229921063,0.028165036213184,0.00524897086496464,0.999985871001724,"ENSG00000169194.9",5,"ENSG00000169194"
0.000180321323619326,0.891225070753246,-0.0002802273805078,0.234913609682532,0.0342307885880614,0.246525512094429,0.999996681095841,"ENSG00000112893.9",5,"ENSG00000112893"
-0.00223066859867725,0.0949855899833141,0.00100439711569763,0.0123587787934084,0.0905548576310193,0.0890264928467335,0.999989178132546,"ENSG00000250490.1",5,"ENSG00000250490"
-0.000570695529083177,0.639705685812246,0.000498635338708288,0.0603305355096902,0.0478447446951063,0.118892008202271,0.99999295928938,"ENSG00000112941.13",5,"ENSG00000112941"
0.0010007373423575,0.455548911595109,-0.000106730760764126,0.629258144635653,0.0279324504518406,0.109287876961247,0.999996790796818,"ENSG00000164291.16",5,"ENSG00000164291"
0.000846755642031811,0.465169663457735,-4.34476271004711e-05,0.850572085878908,0.040081057698601,0.089637925448394,0.999997854406189,"ENSG00000164241.13",5,"ENSG00000164241"
-0.00237441635739381,0.139538011141584,-8.71211993027172e-05,0.76653130633703,0.0355027792106081,0.395324479634863,0.999994811448852,"ENSG00000113312.10",5,"ENSG00000113312"
-0.00136439368822148,0.241904329323029,-0.000519454602716762,0.0816560582131989,0.0657348782577901,0.0409840563641136,0.999993813250072,"ENSG00000118322.12",5,"ENSG00000118322"
0.000642294775393452,0.597522210101913,0.00038956610638093,0.119656171875736,0.0432944386736673,0.122017399786766,0.999994794461997,"ENSG00000169230.9",5,"ENSG00000169230"
0.00227657430738058,0.257776987761607,0.00146153771839919,0.0258487924221674,0.10828623846861,0.292888791218742,0.999990915623793,"ENSG00000213347.10",5,"ENSG00000213347"
-0.00427953153068085,0.000493093455163761,-0.000105240692199293,0.70129922262982,0.050268306980906,0.0937320821842928,0.999980261451102,"ENSG00000027847.13",5,"ENSG00000027847"
0.00469615701737383,0.00189956645254172,4.55592858614719e-05,0.895365711094431,0.0522469380630689,0.417033921562591,0.999984770292363,"ENSG00000186952.14",5,"ENSG00000186952"
-0.00213656756136033,0.225563701450938,-2.44735608202325e-05,0.946122887915921,0.0427940047612737,0.512617921613589,0.999996514305788,"ENSG00000234284.6",5,"ENSG00000234284"
0.00039378899993463,0.757365748894853,7.44778351423081e-05,0.758184968950338,0.0379442206077252,0.119637344550086,0.999998311700624,"ENSG00000050767.15",5,"ENSG00000050767"
-0.000540619373482946,0.634228779693689,0.0003319909296829,0.157863732086542,0.0439056248417237,0.109086728011229,0.99999543073965,"ENSG00000049192.14",5,"ENSG00000049192"
-0.000144661553570543,0.893882200255831,-3.2007736988069e-05,0.877316777837028,0.0365804835996447,0.004574140653206,0.999998566830784,"ENSG00000113328.18",5,"ENSG00000113328"
0.000539327471497602,0.765898534208847,-0.000376590124990861,0.336731524316715,0.0483669708577351,0.561219242178734,0.999997276800124,"ENSG00000092421.16",5,"ENSG00000092421"
-0.000469969296163943,0.646160414172556,0.000267752133148794,0.248927017432103,0.0517087702282896,0.0397968768024195,0.999996666981761,"ENSG00000244245.1",5,"ENSG00000244245"
0.00179903722775965,0.188698105817283,9.70440334668223e-05,0.699435570723716,0.0349939815052187,0.215574677290322,0.999995474126184,"ENSG00000131730.15",5,"ENSG00000131730"
-8.33690787976692e-05,0.943132405552382,0.000104847786127652,0.674338791625314,0.0459326938114003,0.0812153332040437,0.999998380967146,"ENSG00000132912.12",5,"ENSG00000132912"
0.00125563764068164,0.318496081719944,-0.000675987847241052,0.012567090928083,0.047453483844021,0.191066065990778,0.999990011474329,"ENSG00000230561.4",5,"ENSG00000230561"
0.000566345556043803,0.659732712902313,4.59330301389349e-05,0.834827941833716,0.0295945486741121,0.0718857825366537,0.999998249063364,"ENSG00000112936.18",5,"ENSG00000112936"
-4.96848370727181e-05,0.970570023876928,0.00036330321972302,0.182156479065217,0.0430197026991402,0.178784310653048,0.999996092848907,"ENSG00000283413.1",5,"ENSG00000283413"
0.00140782765621456,0.239585089241938,0.000459030084779102,0.0297057041821187,0.0311365085599354,0.00801660984664352,0.999990654786775,"ENSG00000170214.3",5,"ENSG00000170214"
-3.77218156821977e-05,0.985058402178792,0.000229988541870483,0.426435485761794,0.0279166986121741,0.515136827070304,0.999997716784538,"ENSG00000251330.3",5,"ENSG00000251330"
0.000337241420697566,0.79325218105386,-0.000191552543578603,0.507916036955695,0.0513099785257584,0.191277072236656,0.999997811385235,"ENSG00000173210.19",5,"ENSG00000173210"
0.000225033725614188,0.845134699990082,7.41682695774077e-05,0.742495433763099,0.0393943231245021,0.119837155652789,0.999998419698425,"ENSG00000185028.3",5,"ENSG00000185028"
-0.000869219328375367,0.508890848216897,5.43806502949102e-05,0.83019704776502,0.0389645362630973,0.213473883600585,0.999997845888833,"ENSG00000132846.5",5,"ENSG00000132846"
0.000619159696610645,0.497301894199003,-0.000281067402080346,0.263214379646355,0.0787886014886981,0.158063843755805,0.999996022602669,"ENSG00000272144.1",5,"ENSG00000272144"
-0.00157556634576705,0.419380695843365,4.0282147015554e-05,0.923464254847017,0.0489894024007921,0.605025437367792,0.999997610950149,"ENSG00000248445.5",5,"ENSG00000248445"
0.0019027319119195,0.0627992371674361,-3.88048533280874e-05,0.864360323990226,0.0494627578188285,0.0196932695343171,0.999993649883485,"ENSG00000253519.1",5,"ENSG00000253519"
-0.000428648542028576,0.705716437321626,-0.000357628128187243,0.106798832914986,0.0387735401472211,0.0651487113303395,0.999994890245431,"ENSG00000113272.13",5,"ENSG00000113272"
0.00242882667883113,0.00319022405465872,-8.65595396412752e-05,0.658525950688874,0.0566269169341977,0.0184499048101087,0.999986116007198,"ENSG00000055163.19",5,"ENSG00000055163"
0.000479437147851501,0.732284634793384,-0.000133187938156735,0.867615172181109,0.326009744703529,0.030661002182401,0.999998462666156,"ENSG00000251405.2",5,"ENSG00000251405"
0.000689153386669345,0.630144872257602,-1.7137787931901e-05,0.950586242192912,0.0396175228482187,0.23093826459153,0.999998186793555,"ENSG00000253966.1",5,"ENSG00000253966"
-0.0013294806535807,0.417009751653548,-0.000298860572239817,0.275375999837939,0.0308589645513638,0.358096611852804,0.999995444224535,"ENSG00000251050.1",5,"ENSG00000251050"
0.00171156789042314,0.248671938088901,8.22908335335896e-05,0.751812562905046,0.03202856540774,0.292278387445923,0.999996336768599,"ENSG00000177034.14",5,"ENSG00000177034"
0.000840789334634301,0.571532930048963,-0.000251883669772758,0.346942669634863,0.0339521752214972,0.342100540699469,0.999997182186153,"ENSG00000152413.14",5,"ENSG00000152413"
0.0028491766937006,0.198948944899351,0.000105572641911243,0.813740139001853,0.0442259567425716,0.690474257474765,0.999996019940695,"ENSG00000153395.9",5,"ENSG00000153395"
-0.00537055554724194,0.0149496850331168,0.000739896318316475,0.0871912571798209,0.0527098024204051,0.574306334190976,0.999981114075766,"ENSG00000142319.17",5,"ENSG00000142319"
0.00161666530993601,0.186692266071032,5.58316241288993e-05,0.850281098183543,0.0588875226737937,0.187103351792906,0.999996026369848,"ENSG00000047188.15",5,"ENSG00000047188"
4.89775162007898e-05,0.961388860331075,-0.000206922165023848,0.415651585351594,0.0634952155170491,0.0757695020509239,0.999997698893335,"ENSG00000080709.14",5,"ENSG00000080709"
0.00319318105617202,0.0136745895205957,8.58922384355934e-06,0.97361928744202,0.0408268380979172,0.135432843551136,0.999989914849568,"ENSG00000145495.15",5,"ENSG00000145495"
0.000264720565601685,0.861199578395832,-0.000198804094228723,0.627511010811774,0.0748094738951289,0.340261917820724,0.999998297882036,"ENSG00000113360.16",5,"ENSG00000113360"
0.000943767070631689,0.4127500688473,0.000170273725092525,0.421399481049779,0.0338405013516854,0.0106406780054203,0.999996602647085,"ENSG00000113161.15",5,"ENSG00000113161"
0.00159824254079205,0.219811074206798,-7.82456005458669e-05,0.783626040745345,0.0483195004650673,0.116649513776097,0.999996381839533,"ENSG00000152359.14",5,"ENSG00000152359"
-0.0026445076011651,0.038018522079464,-0.00039436685318428,0.0968425062510392,0.0353225227777805,0.127451836994089,0.999987194927233,"ENSG00000189045.13",5,"ENSG00000189045"
0.00324371344330578,0.0514742821170659,0.000776099605075302,0.0505220413247414,0.0587317596054802,0.457827148998731,0.999988954827941,"ENSG00000122008.15",5,"ENSG00000122008"
-0.00103674048452856,0.387219781037547,0.000161209456126681,0.55546792333121,0.052514899040316,0.0942359917835207,0.999997313641893,"ENSG00000153140.8",5,"ENSG00000153140"
0.00335940120152278,0.0288580996959174,3.71021736039905e-05,0.890450125147954,0.0328790913040321,0.313279285447678,0.999991063014428,"ENSG00000281357.2",5,"ENSG00000281357"
-0.000909529060794229,0.514500326074658,-8.46258383492373e-05,0.766250951766941,0.0429440711703205,0.270180471426038,0.999997909326218,"ENSG00000250802.6",5,"ENSG00000250802"
0.00051050138217607,0.680304823905688,-0.000135499857143772,0.470880280113546,0.0232727845617733,0.0341586377408512,0.999997644670813,"ENSG00000123213.22",5,"ENSG00000123213"
0.00236318115589321,0.327429065900635,-0.000282850707839087,0.732902334824356,0.114812249041104,0.327781960132119,0.999992095875172,"ENSG00000113593.11",5,"ENSG00000113593"
-0.00161074844081664,0.285959654497688,-0.000398325124324983,0.207012910749961,0.0455718035576874,0.419168896423045,0.999995126423304,"ENSG00000253251.2",5,"ENSG00000253251"
-0.000310948817043827,0.816065242578451,0.000117427121178403,0.664178232749434,0.0421491074345169,0.182453900663758,0.999998256434313,"ENSG00000243414.5",5,"ENSG00000243414"
0.000393896027684573,0.769963414026886,-0.000114809870551001,0.696082333167141,0.049033743890104,0.256425398403553,0.999998312946268,"ENSG00000168724.14",5,"ENSG00000168724"
0.00017923457205958,0.874425884632872,-2.25920304592891e-06,0.991040658347194,0.0316543683841706,0.0210708276555187,0.999998589506904,"ENSG00000279204.1",5,"ENSG00000279204"
0.000749120812231327,0.665253461200643,-0.00031234426818682,0.426425924619889,0.0525974126759395,0.500769472066293,0.999997566768465,"ENSG00000236714.1",5,"ENSG00000236714"
-0.000352337388431757,0.812914905885141,0.000174092625019105,0.556271881245714,0.0411703829252647,0.388591273566602,0.999998005781208,"ENSG00000198944.5",5,"ENSG00000198944"
0.00308298172518404,0.0755688789646277,5.42244489418463e-06,0.991065498639278,0.0773949270621361,0.540108879515572,0.999994207250773,"ENSG00000113520.10",5,"ENSG00000113520"
-0.000505247085257484,0.725561377880878,-0.000135858238188089,0.643227680413492,0.0443091402565537,0.354820406457644,0.99999814298714,"ENSG00000164403.14",5,"ENSG00000164403"
-0.00323740984892474,0.00724935873662019,0.000887715175148321,0.00283453189014984,0.0625198175866575,0.318978250987893,0.999972951954182,"ENSG00000131435.12",5,"ENSG00000131435"
-0.00295401370427084,0.00436337235855014,-5.77778215841517e-05,0.818354019750364,0.0589894691336545,0.00696506454563926,0.99998742230869,"ENSG00000197375.12",5,"ENSG00000197375"
0.00130782513518912,0.31579138512724,0.000289004351816054,0.196767641848059,0.0304670931928591,0.147634443648807,0.999995329922916,"ENSG00000176018.12",5,"ENSG00000176018"
-0.00183300786288967,0.136529192434607,0.000494411703380059,0.0215130217234386,0.031090570500745,0.114022583243747,0.999987379180412,"ENSG00000175745.11",5,"ENSG00000175745"
-0.00144848571080174,0.144082110656211,0.000145794261345738,0.547227581586269,0.0599703066565102,0.0320479008714699,0.999994720611706,"ENSG00000237187.8",5,"ENSG00000237187"
-0.00245345366815539,0.079609474863833,0.00031392748909429,0.397849691217663,0.0706919797158143,0.126231712722702,0.999994363558535,"ENSG00000249664.1",5,"ENSG00000249664"
-0.0488857969866294,1.24885717796192e-11,-0.000246219519446268,0.434826507376785,0.00181508428344814,0.810897171618275,0.999839637998379,"ENSG00000172244.8",5,"ENSG00000172244"
-0.00783352119845187,3.45535234868413e-05,0.000175879693607973,0.724556868594151,0.0666430247053705,0.560499883019989,0.999968316644101,"ENSG00000248240.1",5,"ENSG00000248240"
0.00182720362111428,0.151177723918672,-0.000276360962187337,0.380039372627493,0.0614784409415512,0.0338741588586377,0.999995705427871,"ENSG00000164253.13",5,"ENSG00000164253"
-0.00332871000733314,0.00936633842112348,0.000786892216269557,0.00978678682535383,0.057671855779143,0.126605425628032,0.999984709257237,"ENSG00000272335.1",5,"ENSG00000272335"
0.00243338782108626,0.0772904682482088,-1.59791939308503e-05,0.946673129226312,0.0312509724814472,0.277254278309945,0.99999404861396,"ENSG00000086200.16",5,"ENSG00000086200"
-0.000804335014781668,0.514499074873139,0.00021187699134822,0.3794204735087,0.0382211971315308,0.00955542571729131,0.999997331590322,"ENSG00000082213.17",5,"ENSG00000082213"
-0.00372506443630447,0.0133250060611681,0.000636158251232962,0.0463222875486429,0.0456490780492443,0.436387937881338,0.999985667055468,"ENSG00000132842.13",5,"ENSG00000132842"
0.000105070444211781,0.941202297032305,0.000304356906301772,0.276934228638083,0.0406104382209115,0.269786898938972,0.999996913052517,"ENSG00000253558.1",5,"ENSG00000253558"
-0.0017389842904865,0.398363540917617,8.31383981952842e-05,0.823516069913435,0.0348978549653189,0.607586192946189,0.999997212421696,"ENSG00000113732.8",5,"ENSG00000113732"
-0.00021103061813949,0.867741564277464,-0.000594375352649028,0.00999848213130444,0.0337027404398213,0.122924159426916,0.999988789388721,"ENSG00000151304.5",5,"ENSG00000151304"
-0.000571674359282563,0.533949800086599,0.00027192177912078,0.222871989262166,0.0589343295443566,0.00474724346061895,0.99999625267347,"ENSG00000064692.18",5,"ENSG00000064692"
0.000494018783104875,0.654046511508995,-0.000831598484713132,0.000300495404362711,0.0437180896221598,0.0307429553012918,0.999980305239773,"ENSG00000164318.17",5,"ENSG00000164318"
0.000332886206443705,0.79868964800476,-0.000468164639566104,0.0139115738127896,0.021873586266609,0.100777822442751,0.999990155872114,"ENSG00000244968.6",5,"ENSG00000244968"
8.84575496976089e-05,0.954016443030445,2.54891862915908e-05,0.92222203153539,0.0303728435929391,0.256244302801083,0.999998610209617,"ENSG00000251513.2",5,"ENSG00000251513"
-0.00418349298508478,0.0170440243756589,-0.000524038335062814,0.14608484656596,0.0464884343192115,0.48360044853541,0.999986028914025,"ENSG00000171617.13",5,"ENSG00000171617"
8.64209964876309e-05,0.94486805218261,-9.64014566938232e-05,0.699918268939251,0.0412914324295727,0.111673532244909,0.999998414367713,"ENSG00000246596.6",5,"ENSG00000246596"
0.000243765200317695,0.866829525568256,0.000543762005413697,0.0532996211173412,0.0406095225653999,0.307398371145566,0.999993429857521,"ENSG00000170074.19",5,"ENSG00000170074"
-0.000843345989211405,0.581511069373589,-5.68778692308537e-06,0.983197098065585,0.0343106095037461,0.33691043171339,0.99999815740359,"ENSG00000272459.1",5,"ENSG00000272459"
0.00250185165423722,0.0394919599863366,0.000182800320101405,0.428287770950977,0.0366571925169566,0.0986277497923722,0.999992062004467,"ENSG00000254035.1",5,"ENSG00000254035"
-0.00341500733527381,0.0326068847543055,-0.000208588582026364,0.456967852147544,0.0365935227998086,0.332281653615107,0.999990711891258,"ENSG00000247679.2",5,"ENSG00000247679"
-0.00268075949548226,0.0438558389846027,0.000162444943641096,0.563780747943426,0.0463711230375391,0.221135429105996,0.999991600325413,"ENSG00000249849.1",5,"ENSG00000249849"
-0.00106454020349993,0.348405160698757,-0.000175253779947194,0.463948194197308,0.045062505854326,0.0786406855071086,0.999996193609544,"ENSG00000061455.10",5,"ENSG00000061455"
-0.000608721295918945,0.726233244499467,-0.000256013936999917,0.415552268619816,0.0369401376249611,0.488161089826334,0.999997574540934,"ENSG00000240184.6",5,"ENSG00000240184"
-0.00249430644352169,0.124824831483004,0.000470411422877416,0.0118420441588802,0.0147009431984739,0.347939359592928,0.999985297049897,"ENSG00000255408.3",5,"ENSG00000255408"
0.000931238674450475,0.670227897290843,-0.000237241921141505,0.605167696726811,0.0462650831161915,0.494491727684059,0.999996920630482,"ENSG00000177839.6",5,"ENSG00000177839"
0.00385975271498344,0.0141262565445776,0.000458286601183647,0.11460610178241,0.0346765551030331,0.326509600322051,0.999988833220651,"ENSG00000272674.3",5,"ENSG00000272674"
-0.000722455110357049,0.558465993980349,-8.8778705811191e-05,0.695717783104274,0.0343639815754491,0.0981231663198243,0.999997860376177,"ENSG00000253305.2",5,"ENSG00000253305"
-8.1131568480849e-05,0.944523831584272,0.000389626086491893,0.11612065288489,0.0462326969656017,0.159462960125144,0.999995056970212,"ENSG00000204970.9",5,"ENSG00000204970"
0.000553974544714718,0.64806982755979,-0.000236026507726881,0.355211275434535,0.0447688848985728,0.107836535148013,0.999997339800472,"ENSG00000113555.5",5,"ENSG00000113555"
-0.0015676981007596,0.152644403619852,-0.000332808648048305,0.217372669541564,0.0605898565108414,0.000419092812966789,0.999994635489336,"ENSG00000184838.14",5,"ENSG00000184838"
0.00105051134218584,0.512885641931663,-2.16606436656255e-05,0.944097891232621,0.0390503903461918,0.409567592377906,0.999997995971606,"ENSG00000248979.2",5,"ENSG00000248979"
-0.000581577121053721,0.704752885547116,0.000426320981711638,0.134299156773743,0.0363544928495754,0.342417734983192,0.999995381587729,"ENSG00000248927.1",5,"ENSG00000248927"
-0.00396076604370762,0.00438467605205095,0.000714410280763982,0.00954476462116434,0.0396732440417228,0.289280203576699,0.999980992869328,"ENSG00000247311.2",5,"ENSG00000247311"
-0.000690544937613828,0.600772748038924,3.70735192295584e-05,0.872800017599155,0.0314065088580181,0.185260742836156,0.999998172666979,"ENSG00000164266.10",5,"ENSG00000164266"
0.0016297598521346,0.144510615389135,0.000394998681104768,0.0681922315528445,0.03763435416764,0.00527502792704281,0.999989823816193,"ENSG00000248109.2",5,"ENSG00000248109"
-0.000652360936504884,0.580107404320171,0.000175518959709185,0.430903389112998,0.0361616256623789,0.090606039574374,0.999997206991814,"ENSG00000152669.8",5,"ENSG00000152669"
-0.00260239948082008,0.0356091220947041,0.000257049165073655,0.261863081787034,0.0349314413524103,0.14486083526954,0.999989406734422,"ENSG00000145649.7",5,"ENSG00000145649"
-0.000781560335687612,0.521059937349743,0.000350090296880698,0.134562172542404,0.038320470041962,0.191198794762646,0.99999433396515,"ENSG00000251307.1",5,"ENSG00000251307"
0.00210402301245668,0.0723511789306032,0.000305102664111764,0.204961090086052,0.0424657339536463,0.03998492953339,0.999993330493207,"ENSG00000067113.16",5,"ENSG00000067113"
0.0032129456166204,0.0851438605675968,0.000119369294791553,0.759312080061682,0.0455124516787505,0.483693132978721,0.999992612256987,"ENSG00000245317.2",5,"ENSG00000245317"
0.00119182561464865,0.423485752793473,-0.000309772949327478,0.187194661700676,0.0301974116659449,0.239645735087001,0.99999506424005,"ENSG00000249129.1",5,"ENSG00000249129"
0.00188224306465159,0.152706931252997,0.000194274386638694,0.448715166957455,0.0394147606023595,0.219446289456718,0.999994843783824,"ENSG00000221886.3",5,"ENSG00000221886"
0.000141692047132869,0.909539687972798,-0.000164948623012565,0.50273409876981,0.039294135888385,0.0883472426620797,0.999997956383519,"ENSG00000145861.7",5,"ENSG00000145861"
-0.00306706990251596,0.0419555189940043,0.000214970424395909,0.448938752206473,0.0385185677706659,0.333068543449874,0.999992175813804,"ENSG00000135083.14",5,"ENSG00000135083"
-0.000365286100244511,0.745766790020736,-0.000160570280547695,0.453447405227164,0.0380437485063078,0.166276234140363,0.999997686416531,"ENSG00000261604.1",5,"ENSG00000261604"
0.000742073386871013,0.609889303331134,-0.000418958673127379,0.18426523898753,0.0487989129149936,0.247451834460514,0.999994594393241,"ENSG00000164219.9",5,"ENSG00000164219"
-0.00273840632088252,0.0237018697280428,0.000243950111358812,0.24821446237616,0.0316727929183579,0.187775832964192,0.999989151079684,"ENSG00000145780.7",5,"ENSG00000145780"
0.000523084375263215,0.635072322099845,7.68732972515174e-05,0.715185212033388,0.0369352361239755,0.0632487922673669,0.999998125933168,"ENSG00000175426.10",5,"ENSG00000175426"
-0.00172073200716716,0.26063098360812,-1.36930502963148e-05,0.964059703831887,0.0406706154665907,0.365090057609989,0.9999968211488,"ENSG00000198677.10",5,"ENSG00000198677"
-0.00131941640258674,0.3434726485246,4.36807128029465e-05,0.882290500734662,0.045248039379795,0.0742877112713458,0.999996676085402,"ENSG00000218227.3",5,"ENSG00000218227"
0.00158299698442119,0.31944322091928,0.000489289354312397,0.0846458514957449,0.0340910376041013,0.42004481009984,0.999993881237641,"ENSG00000270706.1",5,"ENSG00000270706"
-0.00123741959331991,0.478590128105555,0.000396649722936075,0.2034432057521,0.0339920808350366,0.309695776327001,0.999996329818474,"ENSG00000113758.13",5,"ENSG00000113758"
-0.00171020455404671,0.219041035498161,6.35227650744042e-05,0.8065478369851,0.0362370034218066,0.226691781288941,0.999996435910409,"ENSG00000175309.14",5,"ENSG00000175309"
0.000545943748130427,0.654425391992363,0.000139896219932681,0.585031873636874,0.0454491472934885,0.220965539266031,0.999997956303327,"ENSG00000243859.3",5,"ENSG00000243859"
0.00190900096251496,0.21288175635847,0.000273243295577134,0.353187489869021,0.0387129713789202,0.353970084110843,0.999995051581204,"ENSG00000164576.11",5,"ENSG00000164576"
-9.01599379704263e-06,0.995113160237207,8.93300937914189e-05,0.68774249169582,0.0242819465766442,0.34493559043637,0.999998386602614,"ENSG00000205089.7",5,"ENSG00000205089"
0.000231804537208484,0.840817644893596,-0.000315110819311599,0.157212786504287,0.0374602396823921,0.0289937154453232,0.999995351784498,"ENSG00000248648.1",5,"ENSG00000248648"
0.00186459340129668,0.130679618141182,0.000371381937851202,0.346889357081071,0.102444524848886,0.0262240561800987,0.999994728007701,"ENSG00000186468.12",5,"ENSG00000186468"
-0.00152891193520207,0.227604141826665,0.000622531987053588,0.216310871626683,0.157899242771623,0.0211311900894076,0.999995486676772,"ENSG00000152348.15",5,"ENSG00000152348"
0.000337661987168207,0.772161003789505,1.75466532943368e-05,0.953860400551954,0.067806460545339,0.0425735560480813,0.999998505985186,"ENSG00000254333.1",5,"ENSG00000254333"
-0.00056275995691874,0.616515984668487,2.32048936519456e-05,0.924423482351571,0.0476535709815217,0.0338085547344135,0.999998262251962,"ENSG00000127743.5",5,"ENSG00000127743"
-0.00151414760403404,0.421177951419551,9.48990099689383e-05,0.809309467609555,0.0468668664106815,0.542203099183144,0.999997655569707,"ENSG00000248597.1",5,"ENSG00000248597"
-0.00223791828148958,0.060300592784286,0.000934350655234507,0.00879053923600275,0.090071009711399,0.0611590581145835,0.999982381047493,"ENSG00000251532.1",5,"ENSG00000251532"
-0.000221824102996235,0.862954853033759,-2.19696052475831e-05,0.931707519108274,0.0413160544381705,0.188609106069983,0.999998569018151,"ENSG00000113645.14",5,"ENSG00000113645"
0.00211724257601218,0.0971913938657525,0.000278461185219811,0.302879781498783,0.0453562597931615,0.180212848215226,0.999992959191564,"ENSG00000248677.1",5,"ENSG00000248677"
0.000348922382158376,0.838909974592207,4.45749832906393e-05,0.879032674058422,0.0315134402739023,0.413987067621848,0.999998503777428,"ENSG00000247121.6",5,"ENSG00000247121"
-0.00213545544916744,0.186864128369278,2.09376326143318e-05,0.945373652355032,0.0378149582992447,0.431027681507839,0.999996055918683,"ENSG00000248885.1",5,"ENSG00000248885"
-0.00312260895907466,0.016435890968483,0.0001479662521606,0.581426087771359,0.043948282621675,0.361901680603555,0.999990290188997,"ENSG00000173930.8",5,"ENSG00000173930"
0.00139943296891494,0.273577688345354,0.00037359259104254,0.135940706223807,0.0389223204238892,0.161177002555213,0.999994106019897,"ENSG00000280047.1",5,"ENSG00000280047"
0.000482957232037741,0.751454952274931,0.000205060623123582,0.460694115504247,0.0371467831785492,0.454985706588469,0.999997490043413,"ENSG00000270307.1",5,"ENSG00000270307"
0.0026826375891102,0.000508915170904215,0.000171905722107678,0.455769242675503,0.0894689218636783,0.106455842659551,0.999981370100237,"ENSG00000214784.4",5,"ENSG00000214784"
-0.00213218389249946,0.00918543776773186,0.000300909563121794,0.174979670498549,0.0735815611548298,0.0151158344071234,0.999983152045159,"ENSG00000250539.1",5,"ENSG00000250539"
-0.000678443736311731,0.567147307073876,0.000294929961395346,0.320785237799025,0.063046034351636,0.0559146348974229,0.999997196510301,"ENSG00000263432.2",5,"ENSG00000263432"
-0.00232606608992384,0.0695685329708217,0.000683613022134502,0.0124210899633947,0.046058583639011,0.07805178514808,0.999989426169125,"ENSG00000249996.1",5,"ENSG00000249996"
-0.000555275543612761,0.670056069916827,-0.000148589937053556,0.552531785961605,0.037417650731743,0.181617454656597,0.999998003931902,"ENSG00000198108.3",5,"ENSG00000198108"
0.00126067471748724,0.278964572914909,0.000191254443453414,0.434642473436123,0.0449394327048065,0.15641844491201,0.999996076267085,"ENSG00000153037.13",5,"ENSG00000153037"
3.26845330038742e-05,0.976066285877542,3.9014910702732e-05,0.860457849866437,0.0416844716816751,0.0230690349475304,0.999998579555686,"ENSG00000183666.16",5,"ENSG00000183666"
0.00310328703428949,0.171931023882911,0.000573228725904708,0.172581665185748,0.0429630535096013,0.60198555033819,0.999990123725027,"ENSG00000113240.12",5,"ENSG00000113240"
0.00292727715238581,0.00782020059946405,0.000900248398760309,0.000186937576833425,0.0479864383184157,0.00277693125607783,0.99997242386337,"ENSG00000252464.1",5,"ENSG00000252464"
0.000980606527399673,0.514457401854775,-0.000698402325378442,0.159632157852669,0.109638149381772,0.379468771623986,0.999995782990514,"ENSG00000172795.15",5,"ENSG00000172795"
0.000934756090633124,0.31167472375141,0.000196947825082671,0.350355665279581,0.0527482766817549,0.153713355324024,0.999995890886602,"ENSG00000112984.11",5,"ENSG00000112984"
-0.00178186919407144,0.085346193472869,0.000302683658017849,0.219898923070471,0.0575915328505064,0.143317401510327,0.999990579436823,"ENSG00000132563.15",5,"ENSG00000132563"
0.00128388497266667,0.382656665267798,1.10387810857994e-05,0.969685788522197,0.0400400631748104,0.251668606860458,0.999997328236102,"ENSG00000248469.1",5,"ENSG00000248469"
0.0012978282459917,0.544810748564188,-0.000312368910372898,0.451546796936524,0.0403749097439532,0.63136394172251,0.999996676769863,"ENSG00000120129.5",5,"ENSG00000120129"
0.00188354151692564,0.281316108797664,0.00030942440599083,0.280768892768684,0.0289422588504135,0.472539727689064,0.999995590127758,"ENSG00000189127.7",5,"ENSG00000189127"
0.000807406397977885,0.721420290225662,0.000223189359168849,0.635942347379321,0.0447528756445713,0.295177370313223,0.999996434649606,"ENSG00000113319.12",5,"ENSG00000113319"
-0.00117345825844065,0.658287596592628,1.97785572146049e-05,0.934611214869577,0.0139884537156083,0.57050295039668,0.999998122775684,"ENSG00000070193.4",5,"ENSG00000070193"
0.000892076106822801,0.543359091952074,-0.000288220637612293,0.262575791031195,0.0317487585512579,0.349978606036796,0.999996533259933,"ENSG00000181163.13",5,"ENSG00000181163"
0.000847016088901633,0.478041386898772,-0.000505666441353564,0.0220714714203474,0.0346073227936278,0.0577388361754878,0.999989728079935,"ENSG00000113658.16",5,"ENSG00000113658"
0.00137031661007687,0.312068146370991,-0.0008026717480836,0.0095226231053696,0.0534213294002817,0.307532364455354,0.999989287183289,"ENSG00000120708.16",5,"ENSG00000120708"
-0.000140747715325551,0.922444440259921,0.000106266374933933,0.812212701884476,0.0966644913111111,0.322672368531084,0.999998540324584,"ENSG00000233974.3",5,"ENSG00000233974"
0.000202794553413297,0.875076187919141,-0.000373567417005779,0.11599361933113,0.0350833388877988,0.150299735479937,0.999995211083708,"ENSG00000169570.9",5,"ENSG00000169570"
0.00104216775095232,0.416757327614849,0.000324930618797687,0.224766912600563,0.0445345887345559,0.173178986908987,0.999996105966522,"ENSG00000048162.20",5,"ENSG00000048162"
0.000574696639601366,0.725105360742828,-0.000131166252663743,0.65513961640009,0.0362726994281523,0.454644917688762,0.999998135996944,"ENSG00000240729.1",5,"ENSG00000240729"
-0.000976442325815821,0.482243597821291,-0.000304811981131601,0.285659153018788,0.0450378839554699,0.275595591023171,0.999996480295018,"ENSG00000074276.10",5,"ENSG00000074276"
0.00210293569573107,0.161154328303212,-0.000105241756594712,0.657646025778139,0.0262876478764575,0.302335323265896,0.99999567913594,"ENSG00000205838.13",5,"ENSG00000205838"
0.000742554927482324,0.515258154771863,-0.000323584813862655,0.185817570191491,0.045988047215325,0.0117843019497346,0.99999564458685,"ENSG00000204767.3",5,"ENSG00000204767"
0.0034002739751615,0.0234111958769681,-0.00017566344889358,0.650437110107902,0.0691485257203538,0.278730182143308,0.99999115651532,"ENSG00000066230.10",5,"ENSG00000066230"
0.00232535546578758,0.0796881386206275,0.00138644058369841,7.42976993471655e-09,0.0396348007300038,0.0666320099648877,0.999948662513505,"ENSG00000145506.13",5,"ENSG00000145506"
0.000742032153933096,0.691399641072787,0.00025212466418879,0.498651108094407,0.0455458642377145,0.554902709360863,0.999997672422855,"ENSG00000049656.13",5,"ENSG00000049656"
0.00151412172853458,0.397642346109858,-0.000260620803401928,0.559853131043738,0.0688167351095235,0.512511983333672,0.999997197258002,"ENSG00000221990.4",5,"ENSG00000221990"
0.000529339287594926,0.78012425337005,2.89698291323057e-05,0.93782965283998,0.041614604986181,0.576577277581166,0.999998496494824,"ENSG00000254211.5",5,"ENSG00000254211"
-0.00166833053660699,0.134715160025065,-0.000378243849386222,0.106764286001826,0.0445830555495996,0.0586042242549974,0.999993010831798,"ENSG00000113248.5",5,"ENSG00000113248"
-0.00265938184365292,0.117150562686654,0.000290075245832407,0.35830107143304,0.0371561504951378,0.46616977159905,0.999992339357441,"ENSG00000226040.3",5,"ENSG00000226040"
-0.00175910313591346,0.266234465871274,-0.000194346150995785,0.410785918466733,0.0238063557626339,0.324763362086585,0.999996098791756,"ENSG00000145757.15",5,"ENSG00000145757"
0.00102606547652622,0.369682514980439,0.000227965300443636,0.26754553391953,0.0330786950593709,0.112431398242869,0.99999544328413,"ENSG00000270133.1",5,"ENSG00000270133"
0.0035737778086817,0.0617914115023724,-0.000369634746398504,0.338428345138242,0.039741886546996,0.586933555043814,0.9999910721147,"ENSG00000145919.10",5,"ENSG00000145919"
0.00159511771479309,0.365774369058988,0.000114918538316335,0.693526494029255,0.0289593978412186,0.440069323892666,0.999996539838494,"ENSG00000185641.6",5,"ENSG00000185641"
-0.00377894557424937,0.0216821490126851,-3.75859175006884e-05,0.8933288966381,0.0322872257048372,0.382358039566428,0.999989620595548,"ENSG00000253520.1",5,"ENSG00000253520"
0.00280223830607997,0.12047665919215,-0.000924455761911425,0.022420784053979,0.0555777182837782,0.501154274959652,0.999989595125192,"ENSG00000176783.14",5,"ENSG00000176783"
-0.00395992567346062,0.000210281818678651,0.000197219082828786,0.37389098101883,0.0431172652398645,0.00614580347495523,0.999978352796024,"ENSG00000248791.1",5,"ENSG00000248791"
-0.00161118485490338,0.166982052767727,0.000102830666117142,0.726618017253967,0.0644428148595413,0.138036962026868,0.99999586766757,"ENSG00000145569.5",5,"ENSG00000145569"
0.00162351974053562,0.3144949201375,4.18836814414547e-05,0.915225121671862,0.0607033163256707,0.37696001058625,0.999997115155153,"ENSG00000039139.9",5,"ENSG00000039139"
-0.000964040433965912,0.409341519384439,-0.000230596366964778,0.367351868952536,0.0481192462403222,0.0451107225480462,0.999996920866789,"ENSG00000197043.13",5,"ENSG00000197043"
0.00200740835233559,0.180967842484059,0.000480860900058307,0.0917851775317303,0.0392117298389225,0.285613001287699,0.999991886849031,"ENSG00000254226.5",5,"ENSG00000254226"
-0.000115461671292606,0.927436654820515,-9.87325949310228e-05,0.761517635387451,0.0670129139339372,0.178336876302738,0.999998484994095,"ENSG00000171444.17",5,"ENSG00000171444"
0.00166258030191243,0.321371130733916,0.00057150368270001,0.211185439403206,0.0753449963923387,0.1634941505409,0.999996402070118,"ENSG00000272109.1",5,"ENSG00000272109"
0.00209625257932405,0.0991218832770337,-0.000203851912462785,0.475875010697091,0.0518183440807331,0.2550484624496,0.999993821328912,"ENSG00000251314.2",5,"ENSG00000251314"
0.000842086024195892,0.458215501558058,-0.000140723339311622,0.567935521495786,0.0476990170714365,0.116834406308271,0.999997046446059,"ENSG00000171522.5",5,"ENSG00000171522"
0.00227000093618088,0.112838157001069,-0.000213039431167057,0.456320033311528,0.0410461064595513,0.318982550548061,0.99999406565398,"ENSG00000246334.2",5,"ENSG00000246334"
0.000167072466443237,0.906396004542996,5.37326722339819e-05,0.83175340943122,0.0329850552981415,0.208471161261736,0.99999855882948,"ENSG00000250343.1",5,"ENSG00000250343"
0.00455824338957276,0.0219290330697837,7.92755247666788e-05,0.822121607522552,0.0345227158823222,0.561604212474578,0.999989657343992,"ENSG00000170561.12",5,"ENSG00000170561"
0.00077565260184344,0.5483328803649,-2.48535024829071e-05,0.938072288393468,0.0620131816386083,0.130850976553488,0.999997956458309,"ENSG00000248874.5",5,"ENSG00000248874"
0.000950587002563073,0.287266236214949,-0.000447181497320404,0.0269883913486642,0.0513474640188086,0.0131043769314896,0.999990908144508,"ENSG00000113296.14",5,"ENSG00000113296"
0.000776993025857497,0.701331459453261,-0.000301896146069229,0.478808226104365,0.0450138937201353,0.562005415228211,0.999996960302892,"ENSG00000178338.10",5,"ENSG00000178338"
-4.01741820844876e-05,0.972063516249645,-0.000371760530857683,0.0936015393538577,0.0375887454153795,0.0343114604433568,0.999994756197426,"ENSG00000145912.8",5,"ENSG00000145912"
-0.0016857944032728,0.256317884005446,3.30781224425625e-05,0.929701698094211,0.0654470636591203,0.329558938308531,0.99999671565738,"ENSG00000178187.7",5,"ENSG00000178187"
-0.00378491515712866,0.00676855737933989,-0.000398655520133125,0.101126085272509,0.0315435450968182,0.315790036517561,0.999985286005915,"ENSG00000271926.1",5,"ENSG00000271926"
-0.000341204872306555,0.822762663604278,0.000228892524230308,0.470131744570909,0.0458327196689357,0.401689511103129,0.999997749762158,"ENSG00000157107.13",5,"ENSG00000157107"
-0.00107381132642581,0.32884781964327,0.0005332680365852,0.020497370036519,0.0439870758815629,0.0265515325663307,0.999990098988917,"ENSG00000251493.4",5,"ENSG00000251493"
-0.0044896883064547,0.00400967175872173,0.000187253511155209,0.446544061397376,0.0256166920557941,0.419918933524355,0.999986298812729,"ENSG00000186479.4",5,"ENSG00000186479"
0.000454679611897382,0.630170962684751,-1.39314186166848e-05,0.963323899920735,0.103752823498214,0.183962321205066,0.999998301058115,"ENSG00000169567.11",5,"ENSG00000169567"
0.00188262861868448,0.279595300582772,0.000155234625986521,0.692366530299453,0.0528009657238298,0.728756955377764,0.999996745268257,"ENSG00000158985.13",5,"ENSG00000158985"
0.000480795956866296,0.68577270273368,-0.000251472330104494,0.294218693813973,0.042226049846911,0.19702883121561,0.999996931321529,"ENSG00000164182.10",5,"ENSG00000164182"
2.13318070211652e-05,0.988541161048241,0.000574514063249359,0.0463604915607353,0.0390161991538552,0.391271940506728,0.999992998976094,"ENSG00000270225.1",5,"ENSG00000270225"
-0.00236854588251817,0.191022033374728,0.00061435252960901,0.0856254549443933,0.0408330200591435,0.528007766542717,0.999992637687887,"ENSG00000120149.8",5,"ENSG00000120149"
-0.00142577985592749,0.229233822805909,-0.000120250627427233,0.647244841430413,0.0504139246725972,0.225911992861072,0.999996218300116,"ENSG00000006837.11",5,"ENSG00000006837"
0.00144920835488676,0.231341408242083,-0.000201907553084286,0.42523390280935,0.0451041177500613,0.122570208834785,0.99999605854269,"ENSG00000213585.10",5,"ENSG00000213585"
1.65253235682279e-05,0.989564627863857,0.000212347652756986,0.300840775219116,0.0275487322814428,0.0717113141066512,0.999997131933781,"ENSG00000279799.1",5,"ENSG00000279799"
0.00236115539235845,0.077300555458587,-0.000129078646443805,0.671382618127072,0.0531117285359734,0.33301287982521,0.999994004850805,"ENSG00000181904.8",5,"ENSG00000181904"
-0.000209840613067401,0.860475710398273,-0.000608703237498686,0.0215421521962585,0.0497048899940233,0.0435708596571151,0.999991326936201,"ENSG00000053108.16",5,"ENSG00000053108"
-0.000389588112423999,0.773264372088018,1.53588003394151e-05,0.949972445283855,0.0347212165103972,0.300246670671366,0.99999849958272,"ENSG00000249494.5",5,"ENSG00000249494"
-0.00235308196052171,0.0816545812059975,0.000232874582564003,0.396826659752808,0.0431934480770991,0.229137137541692,0.999992246789099,"ENSG00000272411.1",5,"ENSG00000272411"
-0.000458679189330685,0.690709685569592,0.000394757022359286,0.134209570551133,0.0525995037846675,0.0667918071230864,0.999995122220823,"ENSG00000272086.1",5,"ENSG00000272086"
-0.00126742988197524,0.519930229805208,-4.44710667602113e-05,0.900899708091693,0.0348067478507519,0.597932693383939,0.999997959162994,"ENSG00000056097.15",5,"ENSG00000056097"
-0.00302851315591304,0.0628251287848115,-0.000491097212405834,0.0967368930077607,0.0358119937681853,0.272968913243409,0.999992317540524,"ENSG00000164220.6",5,"ENSG00000164220"
-0.00271142078432559,0.0378339911030397,-0.000430844807218647,0.0526133439275485,0.0308409532900514,0.158717336953802,0.999986953174419,"ENSG00000113575.9",5,"ENSG00000113575"
-0.0032036334059646,0.0100114755812534,0.000321268267312547,0.175594198237518,0.0380533970186671,0.23133044033525,0.999987361638346,"ENSG00000197208.5",5,"ENSG00000197208"
-0.00125230862116851,0.245867598099722,0.000260127553660212,0.277385055529385,0.0498959889813583,0.0723701864498597,0.999995128445723,"ENSG00000244921.2",5,"ENSG00000244921"
-0.0025561391950304,0.0260858230705537,-0.000192150016546435,0.41454452511395,0.0423862409894329,0.0298496067437109,0.999989351386571,"ENSG00000279469.1",5,"ENSG00000279469"
0.000629371624831637,0.554751782097594,-0.000389510005114185,0.0693690162481653,0.0416683498450895,0.0796236127778215,0.999993413237523,"ENSG00000145833.15",5,"ENSG00000145833"
0.000671907337724071,0.543477654571105,8.76728232961003e-05,0.699640196844244,0.0428760768438886,0.0576844348422614,0.999997969192647,"ENSG00000248923.1",5,"ENSG00000248923"
-0.000693638461737522,0.57470587177385,-0.000389579757874595,0.092904869910767,0.0358504107762797,0.0860051354623952,0.999994723695353,"ENSG00000249119.1",5,"ENSG00000249119"
-0.00132506439318936,0.363353725475554,-0.000339223231349896,0.235295546419272,0.0402290254842765,0.341358746569819,0.999995230699008,"ENSG00000247627.2",5,"ENSG00000247627"
-0.000851017110919439,0.635760018951561,8.67586667405814e-05,0.800955442729154,0.03951640812299,0.46803460799495,0.999998273705885,"ENSG00000248727.5",5,"ENSG00000248727"
-0.00241350134619032,0.0799944335157437,0.00151905082384327,0.000200536646286493,0.0879418854489855,0.0252576519849173,0.999979533227067,"ENSG00000152942.18",5,"ENSG00000152942"
-0.00232893745513636,0.0179367752246586,-0.000689888299724237,0.00493535528845006,0.063229499824778,0.242548090935657,0.999979938170609,"ENSG00000213830.3",5,"ENSG00000213830"
0.00115308062157417,0.419266808329032,4.11502494293166e-05,0.872523087499748,0.0334859493629018,0.320962129681321,0.999997636731481,"ENSG00000145740.18",5,"ENSG00000145740"
-0.00168728684121896,0.0839322222006877,-0.000107440855867565,0.721338901035574,0.0953268860917866,0.0213522378868916,0.999993688004138,"ENSG00000273841.4",5,"ENSG00000273841"
0.00273723179489117,0.0664862863606861,-5.11812846653713e-05,0.94926339315481,0.291522302060916,0.124542810421844,0.999992308582689,"ENSG00000133706.17",5,"ENSG00000133706"
0.000674207397443165,0.539623481289165,0.000195825894250203,0.375901222824667,0.0409223392377818,0.0524382947079896,0.999997239404367,"ENSG00000145808.9",5,"ENSG00000145808"
0.000473187033489974,0.682348187038575,0.000220130772144426,0.276339851220855,0.0306058692279967,0.0023300290917619,0.999996870536295,"ENSG00000233913.7",5,"ENSG00000233913"
0.00182414831122152,0.101278665060233,2.91144393425451e-05,0.891942557137826,0.0372081592859202,0.0177035304466543,0.999994861447868,"ENSG00000145936.8",5,"ENSG00000145936"
0.00109942436736785,0.4135187452647,0.000676042618507074,0.0119804038959898,0.0411139510884336,0.18802752667287,0.999989907356443,"ENSG00000168269.8",5,"ENSG00000168269"
-0.000644237166161939,0.708664286767972,-7.45118523858911e-06,0.980004761731901,0.0336100560469563,0.459833140210773,0.999998395936131,"ENSG00000038382.18",5,"ENSG00000038382"
-0.000661617517248579,0.736645447928561,0.000490794782076766,0.273070436534793,0.0532607644997504,0.516133874706279,0.999995607945361,"ENSG00000112977.15",5,"ENSG00000112977"
0.00147745364816527,0.361834878253201,0.000118946359603671,0.7003108972418,0.0380730880068529,0.252535986711622,0.999997388472528,"ENSG00000198939.7",5,"ENSG00000198939"
0.00311104189080731,0.293386197276061,-0.000617392193807078,0.370444510206001,0.0557599174850203,0.603501978538453,0.999996969259383,"ENSG00000169045.17",5,"ENSG00000169045"
-0.00202407613123773,0.064287763096119,-0.000117890805653543,0.622834028532552,0.048403560443199,0.0553199733555785,0.999992788899448,"ENSG00000270558.1",5,"ENSG00000270558"
-0.000913308795836734,0.609044938883486,0.0002839667410752,0.367049225471843,0.0345368078445897,0.518338981112635,0.999996991557725,"ENSG00000168685.14",5,"ENSG00000168685"
0.000279570277554783,0.851331059267921,-0.000115056302042508,0.661030933002433,0.0335256693590612,0.31060400364471,0.999998313605472,"ENSG00000251257.2",5,"ENSG00000251257"
0.00139074272840341,0.256680725977245,-0.000397496555155361,0.11950453419394,0.0435472193813518,0.0909634526971981,0.999994311691554,"ENSG00000253357.1",5,"ENSG00000253357"
-0.000161804760953437,0.8646807745177,0.000145166991334659,0.536148597148427,0.0613795709587757,0.053721732599399,0.999998097376888,"ENSG00000064652.10",5,"ENSG00000064652"
-0.00111347515785189,0.393174419264762,7.34072529633248e-05,0.802479414704571,0.0519588326744843,0.30572601112336,0.999997512067224,"ENSG00000164329.13",5,"ENSG00000164329"
-0.00346276901861434,0.0258233413143911,-0.00051538054065382,0.0823623511797637,0.0393302166003316,0.357100299570803,0.999986280001593,"ENSG00000164211.12",5,"ENSG00000164211"
0.00195692666618584,0.102646662096481,-0.000288387685348436,0.279729529523483,0.0511695354796265,0.309034023980505,0.99999222916113,"ENSG00000270906.1",5,"ENSG00000270906"
-0.00100195635999529,0.452080716830482,-0.000107814298567132,0.668608029591591,0.0368178773134795,0.189897805278954,0.999997451908836,"ENSG00000069020.18",5,"ENSG00000069020"
-0.00112492471330295,0.348519385774787,0.000110851515253952,0.610956562438923,0.0336768706199171,0.0724986624932651,0.999997063877615,"ENSG00000164251.4",5,"ENSG00000164251"
-0.000952838681618084,0.394299697127594,-0.00018872954194144,0.391889487840399,0.0397328745075111,0.094829544652864,0.999996859843892,"ENSG00000223652.2",5,"ENSG00000223652"
-0.00237482813283871,0.191873345424052,-0.000184229451468407,0.613238630959801,0.0420174823154164,0.52288506359301,0.999995235584935,"ENSG00000204659.4",5,"ENSG00000204659"
-0.00306236854066359,0.0861822444837947,0.000396325203279701,0.306721874776549,0.0488930795382363,0.515005749577016,0.999993885342929,"ENSG00000161021.11",5,"ENSG00000161021"
0.000478136498158402,0.731824577327057,-1.76705987515226e-05,0.943765986042718,0.0341090678120955,0.225832498692829,0.999998449660667,"ENSG00000272431.1",5,"ENSG00000272431"
-0.00461559290703051,0.00272455741613844,-0.000209167897306112,0.458027146767447,0.0338867334503947,0.427859764574354,0.999984907507057,"ENSG00000215325.4",5,"ENSG00000215325"
-0.00131907799303796,0.392078196391152,-0.000255573929891275,0.202096974552163,0.0183892130595425,0.438656822552446,0.99999564055017,"ENSG00000145850.8",5,"ENSG00000145850"
0.00131695430309886,0.31298451037443,0.000661503826969017,0.0171988607036282,0.0462568863673112,0.22215441856496,0.999989880653066,"ENSG00000153113.23",5,"ENSG00000153113"
0.000171197427655429,0.906619030361519,-0.000119384351634806,0.654656711015269,0.034420805146473,0.279907777061048,0.999998346626041,"ENSG00000164616.15",5,"ENSG00000164616"
-0.00191028689683762,0.0202309815748695,0.000556671038276628,0.0352876710538691,0.103358998385388,0.00663818172858258,0.999986628947586,"ENSG00000072682.18",5,"ENSG00000072682"
0.00389260704574079,0.000575236952727841,0.000181880584897828,0.439492205154763,0.0434960856859936,0.0575738816978104,0.9999816907207,"ENSG00000234290.2",5,"ENSG00000234290"
-0.00199111002662115,0.148701990121405,-0.000107237031392715,0.683896685929077,0.0385282367728176,0.262167617873053,0.999995243119322,"ENSG00000245812.2",5,"ENSG00000245812"
-0.00233583563497758,0.117707898615433,-0.000336144136138014,0.291637067799141,0.0467240299039666,0.389628720813162,0.999994223902335,"ENSG00000146054.17",5,"ENSG00000146054"
0.000708359079738509,0.662911463181507,3.83502687630092e-05,0.901885354368265,0.0390267311834675,0.412530502354881,0.999998343688088,"ENSG00000248514.1",5,"ENSG00000248514"
0.000682909515169217,0.65761861946258,-0.000358533845268247,0.211219943748801,0.0363460285501874,0.379350720297227,0.999995963707948,"ENSG00000237693.4",5,"ENSG00000237693"
-0.00191512494529857,0.192016680718695,0.000371764999117164,0.160241218896009,0.0335567444561322,0.366367131238175,0.999992841203367,"ENSG00000070808.15",5,"ENSG00000070808"
-0.00177659729674722,0.163599106056059,0.000215444889331805,0.411846439815935,0.0428407487507052,0.133136235305742,0.999995027820482,"ENSG00000272265.1",5,"ENSG00000272265"
-0.00204757589084616,0.0784063856228083,-7.57111123253974e-05,0.757331195919551,0.0452864034391264,0.131898868353744,0.999994072898372,"ENSG00000083312.17",5,"ENSG00000083312"
0.000173295537068449,0.891933019379256,0.000106586209241525,0.670014004710606,0.0392870972894707,0.226540044177457,0.99999834482287,"ENSG00000145734.18",5,"ENSG00000145734"
0.00224176879478695,0.109543256113113,-0.000210084962912676,0.277071711564219,0.02188291976782,0.292443333382339,0.999993029588217,"ENSG00000272123.1",5,"ENSG00000272123"
0.00204497951272078,0.0648752188805139,9.30973938381571e-05,0.649080833102135,0.0342816553697589,0.0275514738367567,0.999993469115467,"ENSG00000204764.13",5,"ENSG00000204764"
0.00108777601769447,0.344695651527102,0.000216255559538949,0.424604088805016,0.0556455595967163,0.0304805792249309,0.99999582037329,"ENSG00000246214.1",5,"ENSG00000246214"
7.33559502530758e-05,0.953716702119495,0.000137342037441237,0.638068751527321,0.0544124276196451,0.217988346595305,0.999998316296837,"ENSG00000178175.11",5,"ENSG00000178175"
-0.00159126584776852,0.424668412037441,-0.00127232968431185,0.000665670203038912,0.0487048280827769,0.507356840965098,0.999982105804893,"ENSG00000248994.1",5,"ENSG00000248994"
0.0010500416176999,0.432623270883262,-0.00047165195799616,0.0429003708837224,0.0310868546581097,0.165551654943193,0.999992841838124,"ENSG00000161011.19",5,"ENSG00000161011"
0.00325580359932268,0.0762179928622025,1.33211437574496e-05,0.968590634948257,0.0354856802114938,0.522097588413233,0.999993779484322,"ENSG00000213328.3",5,"ENSG00000213328"
-0.000265636572249681,0.824949631706057,0.000180646919245988,0.488312971785483,0.0475456509429473,0.0695611785551445,0.999997961781473,"ENSG00000050748.17",5,"ENSG00000050748"
0.00340316624527232,0.0494780093644238,0.000176172955569079,0.591954202458477,0.0364395513334489,0.485173938331631,0.99999312285648,"ENSG00000156463.17",5,"ENSG00000156463"
-0.0026365815642039,0.214280529185287,0.000633970583831304,0.132177762695183,0.0416186041244304,0.570536021036993,0.999994835008893,"ENSG00000253978.1",5,"ENSG00000253978"
-0.000114279763123513,0.936042278078629,-1.07792670278029e-05,0.971064158117822,0.0453472198531923,0.262059094624898,0.999998614813319,"ENSG00000134970.13",5,"ENSG00000134970"
0.00146603280476287,0.444255946705206,-0.000371396444080355,0.38019305131247,0.0510684103094367,0.590582569195253,0.999997013392674,"ENSG00000244945.1",5,"ENSG00000244945"
5.72937297773023e-05,0.958295401220638,-1.94677991773288e-05,0.93945769834925,0.0548314403274244,0.0185936690308624,0.999998613007887,"ENSG00000278965.1",5,"ENSG00000278965"
-0.000310393342687706,0.789311895900903,-0.000306587804052896,0.210466348777092,0.0458387991432412,0.135659731058762,0.999996319270862,"ENSG00000153347.9",5,"ENSG00000153347"
0.000240862252714362,0.834026576673141,6.43141668541861e-05,0.764525777044752,0.0349554482966645,0.0161241376865297,0.999998398387148,"ENSG00000152409.8",5,"ENSG00000152409"
0.000651739791951783,0.678154997064675,-0.000238915883140262,0.392710093375255,0.0327605742924188,0.407363589125433,0.999997492522089,"ENSG00000248569.1",5,"ENSG00000248569"
-0.000846323475884644,0.552982539059746,-0.000470501771630364,0.0729847956683776,0.0350581322178636,0.319209334644466,0.999993700695881,"ENSG00000170624.13",5,"ENSG00000170624"
0.000215639430544933,0.86463640418619,-0.000397396810336914,0.150828765223134,0.0485695832125109,0.260117939284858,0.999995718075147,"ENSG00000081791.8",5,"ENSG00000081791"
-0.000897368920301796,0.530822817749452,2.52655096145263e-05,0.923823382538821,0.0354133271430171,0.333923725361174,0.999998060846827,"ENSG00000279130.1",5,"ENSG00000279130"
-0.00179756039560213,0.198679206272849,-0.000298231325046758,0.283493719518167,0.0416806450407343,0.307549175516788,0.999995377274355,"ENSG00000272523.1",5,"ENSG00000272523"
0.00858208174914832,0.0435202859071201,0.000142162822407001,0.817080845236386,0.0335581619179449,0.647500893757908,0.999971453139071,"ENSG00000248126.1",5,"ENSG00000248126"
-0.00018993237045873,0.878329633686872,0.000347233047925669,0.136518596114736,0.0356953325155373,0.0661150451224435,0.999995501940487,"ENSG00000150756.13",5,"ENSG00000150756"
0.000151512602488856,0.922319287109915,0.000447824682499552,0.155791162062959,0.0453607261381167,0.391907989510494,0.999995845402933,"ENSG00000164404.8",5,"ENSG00000164404"
0.00293720329018634,0.0860199548260282,0.000750156643013716,0.0744485075628183,0.0645400463489887,0.476946661973783,0.999990736596504,"ENSG00000145832.12",5,"ENSG00000145832"
-0.00335261070655465,0.00136293145798033,-0.000208866785665913,0.272887151038281,0.0337937093291964,0.0561719444584867,0.999982537241733,"ENSG00000198868.3",5,"ENSG00000198868"
9.6688950620727e-05,0.939274790915284,-0.000124731719028343,0.643378202350207,0.0458644935244739,0.161949638079979,0.999998315602254,"ENSG00000250182.3",5,"ENSG00000250182"
0.000959622214930448,0.427587615835482,-0.000458084878498653,0.0807823583419187,0.0498371145097862,0.053596294149476,0.999993445204925,"ENSG00000113494.16",5,"ENSG00000113494"
0.000202364789933943,0.864738402002312,0.00024159080744248,0.295520436462944,0.0382602187178975,0.0647057512717889,0.999997109856527,"ENSG00000152582.13",5,"ENSG00000152582"
-0.00111900424673733,0.402275561187995,-0.000167240484297232,0.406280380289113,0.0241802505970922,0.275537150973941,0.999996581548851,"ENSG00000152377.13",5,"ENSG00000152377"
-0.00240907786714331,0.06498991984969,7.88056418501811e-05,0.757904497053735,0.0398393447417921,0.225024977821078,0.999993722932904,"ENSG00000031003.10",5,"ENSG00000031003"
-0.00443576562955822,2.79531927620793e-05,-0.000592259430131641,0.0188635806173661,0.0573862118408854,0.0741383337863651,0.99997229770639,"ENSG00000226306.6",5,"ENSG00000226306"
-0.00191879543776779,0.0986413119745683,6.456953371397e-05,0.837226319451659,0.0738569436242015,0.020352095058089,0.999994751057199,"ENSG00000180104.15",5,"ENSG00000180104"
-0.0040588420523661,0.00967778981219877,0.000266003106967485,0.447522683413967,0.0562623967393484,0.390998454825766,0.999987825176854,"ENSG00000250848.1",5,"ENSG00000250848"
-0.00241410818149903,0.2017160270078,-0.000168669267626601,0.600788193599071,0.0358049728979141,0.366865636081231,0.999995739613479,"ENSG00000112877.7",5,"ENSG00000112877"
0.00309089120973491,0.031213812794895,-0.00079126453108421,0.00318869452199338,0.0374288308277941,0.262157044556465,0.999982566667774,"ENSG00000113504.20",5,"ENSG00000113504"
-0.00247049833067715,0.161750234000317,0.000128120871326918,0.70378946475204,0.0409592977499996,0.441067024037016,0.999995488248478,"ENSG00000248925.1",5,"ENSG00000248925"
0.00228841975550705,0.205356368961084,0.000729208208716436,0.081208046496701,0.0567824110815457,0.524149428513497,0.999991618176659,"ENSG00000206077.10",5,"ENSG00000206077"
0.00186835775409113,0.106290086698115,-1.68816002782008e-05,0.944908321037954,0.0448344564060227,0.057904049536998,0.999994923745159,"ENSG00000279883.1",5,"ENSG00000279883"
0.00470713103406311,0.00220585700961221,0.000152384271899742,0.578418572310467,0.0330302313705687,0.34276310910871,0.999984595610421,"ENSG00000177058.11",5,"ENSG00000177058"
-0.000308033746618435,0.816830816325198,3.54020962552159e-05,0.891272370461018,0.039536384983192,0.220920973431678,0.999998505498609,"ENSG00000131732.11",5,"ENSG00000131732"
-0.00108579033829528,0.366272695068665,0.00072992024650313,0.0493406753082027,0.0955677393544703,0.0293072416710094,0.999992400124792,"ENSG00000247572.7",5,"ENSG00000247572"
0.000672897638973578,0.594447203782493,-0.000317498756367869,0.402271171967882,0.0900902228260162,0.0983880669217993,0.999996944496609,"ENSG00000228716.6",5,"ENSG00000228716"
-0.00191654792478412,0.160950836654807,0.000543117608899707,0.121052735033197,0.0658460898419781,0.090380087197525,0.999994212526369,"ENSG00000272130.1",5,"ENSG00000272130"
0.000996783794380574,0.481779616830128,-0.000221416114128444,0.437937614990927,0.0429709141843408,0.364783161249196,0.999997176720679,"ENSG00000131504.15",5,"ENSG00000131504"
0.00121673645019158,0.34081201256758,6.58752805566607e-05,0.743590594182373,0.025083841582897,0.0483170123894671,0.999997252669192,"ENSG00000253846.2",5,"ENSG00000253846"
0.00113319974634285,0.3905653912469,0.000227647154968206,0.407647379003055,0.0434478741962359,0.0146539949474363,0.999994534337601,"ENSG00000262209.2",5,"ENSG00000262209"
-0.000783931948950694,0.592937010436266,-0.000318837536389265,0.241788977070745,0.0365102078533799,0.316433783706648,0.999996001109229,"ENSG00000278925.1",5,"ENSG00000278925"
0.000693446381296044,0.539741582194331,0.000118171357061385,0.607468025077764,0.0417493871594235,0.0456721553914618,0.999997745127212,"ENSG00000276547.1",5,"ENSG00000276547"
0.000647130659214426,0.543866948317852,0.000353812003490208,0.157949073421547,0.0558084007576079,0.0932912864717339,0.99999585585596,"ENSG00000113396.12",5,"ENSG00000113396"
-0.00190186571456414,0.0716163638166917,0.000363299045412101,0.178042787652564,0.0669537667170388,0.256889247287953,0.99999175617351,"ENSG00000278905.1",5,"ENSG00000278905"
8.62243807628459e-05,0.969823062817966,-0.000246677442470864,0.58918159114795,0.0402036520121939,0.436302133553346,0.999997799363832,"ENSG00000164331.9",5,"ENSG00000164331"
-0.000883096880378974,0.441042508000424,6.6692685005727e-05,0.749679862338021,0.0332572682507214,0.000277100223357239,0.999997564658216,"ENSG00000214944.9",5,"ENSG00000214944"
0.00171497873604742,0.153914761971349,-0.000120137638450613,0.623613294721071,0.0419479737604587,0.140578492068747,0.999995480028753,"ENSG00000131711.14",5,"ENSG00000131711"
-0.00249382324740334,0.064870636957226,0.000153976205968663,0.573717358957261,0.0423805737409128,0.278006544057233,0.999992697447496,"ENSG00000272040.1",5,"ENSG00000272040"
0.000756092611790572,0.480060036993347,0.000340402499180816,0.0666712707322027,0.0303585229732887,0.0508960395199737,0.999993148903688,"ENSG00000271815.1",5,"ENSG00000271815"
0.000823225245678325,0.580804176372388,0.000273160961919141,0.22623492975925,0.0252439981421334,0.221177298572637,0.999996518021438,"ENSG00000164252.12",5,"ENSG00000164252"
-0.000484778827259226,0.693183353185037,-3.8664744683886e-05,0.877142448422704,0.0417597156475486,0.152453426459568,0.999998372968367,"ENSG00000113712.17",5,"ENSG00000113712"
-0.000511041365920038,0.657476762576481,0.000173304321586705,0.44983077721923,0.039802564308943,0.0114034616940631,0.999997700535408,"ENSG00000069011.15",5,"ENSG00000069011"
0.00205934134860517,0.0820599849158582,-0.000269192182893426,0.2821434850314,0.0449542953444058,0.0605579036289986,0.999992942845838,"ENSG00000251573.2",5,"ENSG00000251573"
0.000691620518296162,0.596709464465938,-0.000237319362556488,0.536343934554634,0.0866070733388708,0.0420114736913431,0.999997894241685,"ENSG00000248918.2",5,"ENSG00000248918"
-0.000224933121153667,0.880525853722969,-4.66996681568046e-05,0.872399222678596,0.0389099073030644,0.24015737802486,0.999998577834203,"ENSG00000250978.5",5,"ENSG00000250978"
0.00114691412733564,0.44924334525652,0.000116961234457976,0.656140612954998,0.0316080447701382,0.261588940881622,0.999997098967775,"ENSG00000145819.15",5,"ENSG00000145819"
0.000149749695026369,0.909629919445726,-0.000494168971766016,0.00501811190376585,0.019003295716708,0.253133618807591,0.99998772144071,"ENSG00000250427.1",5,"ENSG00000250427"
0.00135120159259236,0.32126052326567,-0.000157947361832866,0.55949184535758,0.0400875734803064,0.261369865460311,0.999996917892603,"ENSG00000182578.13",5,"ENSG00000182578"
-0.00245794539290824,0.0432586102793486,-0.000257369884194275,0.290212549584563,0.040636627554561,0.10575519056371,0.999992188083803,"ENSG00000225051.5",5,"ENSG00000225051"
-0.00048543083488127,0.734383127684364,0.000169716258669663,0.538840063103693,0.0386410363169577,0.15306717693226,0.999998094754378,"ENSG00000177932.6",5,"ENSG00000177932"
0.00270742556480437,0.0203806065078673,-0.000316368190799938,0.134515163779957,0.032977289581546,0.0454696094376907,0.999987302322386,"ENSG00000251495.1",5,"ENSG00000251495"
0.0028280496672295,0.0639022546451525,0.000106820033333722,0.700189960671083,0.0348759905239088,0.35621951226764,0.999993568807996,"ENSG00000146066.2",5,"ENSG00000146066"
-0.00138444592217492,0.265164510249138,-1.90242112985798e-05,0.927476691773272,0.0289781760241162,0.202859360505826,0.999996801123561,"ENSG00000271862.1",5,"ENSG00000271862"
0.000739596177454358,0.581679805762324,5.65847257415499e-05,0.826228850825774,0.0390548787102514,0.204287958333989,0.999998069285794,"ENSG00000283559.1",5,"ENSG00000283559"
-1.27705204847586e-05,0.990796775866211,9.52888794724249e-05,0.66737951625638,0.0402735974379628,0.0254619144348665,0.999998369357031,"ENSG00000251414.1",5,"ENSG00000251414"
-0.000342060878491913,0.770705233146973,5.51815764966005e-05,0.803973218009489,0.0363551904703898,0.0734198997722054,0.999998404387693,"ENSG00000113194.12",5,"ENSG00000113194"
-0.00123841861480808,0.303933867221174,0.000362767672631975,0.130157861623458,0.0405721668532969,0.113600185912996,0.999993812707577,"ENSG00000227908.3",5,"ENSG00000227908"
-0.00107123340273487,0.462550168622824,-0.000165494432540256,0.571889201859777,0.0429973047987423,0.326477143129536,0.999997603580387,"ENSG00000250101.1",5,"ENSG00000250101"
0.00194785598687527,0.220492893445747,4.9662417454189e-05,0.953712680926062,0.286794726142994,0.141953550806646,0.999995164000383,"ENSG00000249476.1",5,"ENSG00000249476"
0.000806542166935064,0.611823204010596,-0.00039612936553188,0.257326199931653,0.0501574025798114,0.365788276764711,0.999995497150632,"ENSG00000145604.15",5,"ENSG00000145604"
-0.00174268252900013,0.175431558155386,-0.000162254648788357,0.507636140017135,0.0375137329374768,0.154063334943688,0.999995351097119,"ENSG00000155545.19",5,"ENSG00000155545"
0.000341887001418804,0.771519021463321,-0.000182496460256634,0.419367580512175,0.0371825945103619,0.0730314068075825,0.999997576159076,"ENSG00000085365.17",5,"ENSG00000085365"
0.000637186160083859,0.69222738140496,0.000324846023859249,0.0586083422010047,0.0130054137906886,0.382290330234556,0.999993237002378,"ENSG00000112981.4",5,"ENSG00000112981"
0.00286651806928429,0.00734445598400489,-0.000262825816036991,0.236904358492259,0.0438689022788874,0.0777119761366442,0.999987913638155,"ENSG00000249593.6",5,"ENSG00000249593"
-0.00126342875577845,0.278303249787403,-0.000107747858925129,0.715995041517709,0.0647823937767009,0.0300888098209098,0.999996995588963,"ENSG00000132840.9",5,"ENSG00000132840"
-0.00194117139553278,0.143100792942103,-2.65424165228832e-06,0.992424531394197,0.0449262625084623,0.136430518697692,0.999995223298765,"ENSG00000132837.14",5,"ENSG00000132837"
-0.00138714296178208,0.301536902403427,-7.9638966057903e-06,0.976460403960302,0.0411987872897782,0.219734952855602,0.999997016767306,"ENSG00000272049.1",5,"ENSG00000272049"
0.00345687199115637,0.0804655872461102,-0.000236061658795152,0.53203940604576,0.0384652629039022,0.619437719280173,0.999993813934825,"ENSG00000186493.11",5,"ENSG00000186493"
0.000535458939136602,0.763913465213243,-0.000895803202119821,0.0180713127740955,0.0543167876852564,0.460305142840245,0.999990047682203,"ENSG00000271119.1",5,"ENSG00000271119"
-0.000253502131158191,0.806777972223783,-5.41171119171143e-05,0.825293599300008,0.0562452643951263,0.0620938652148833,0.999998463291667,"ENSG00000188725.7",5,"ENSG00000188725"
-0.00131579190044232,0.330330739442475,0.000373460992979348,0.0996195404358112,0.029737505002889,0.275999478869512,0.999993861985606,"ENSG00000250461.1",5,"ENSG00000250461"
0.00154423580361826,0.204503005978922,0.000233133704871545,0.387358949104789,0.0498702402078091,0.133192154603965,0.999995500552733,"ENSG00000145687.16",5,"ENSG00000145687"
-0.000661236558125567,0.571830229633096,0.000342167152552338,0.152187440497347,0.0419996555724055,0.0769966104482546,0.999995678266283,"ENSG00000164175.14",5,"ENSG00000164175"
-0.00101720918618688,0.496955726385626,-0.000248538556810937,0.359061458895464,0.0354352561577328,0.302078918917301,0.99999695234281,"ENSG00000272203.1",5,"ENSG00000272203"
0.00175708201959827,0.165292036265488,-4.69642011715126e-05,0.854800837707249,0.0414559202371582,0.139270707349714,0.999995848810113,"ENSG00000196743.8",5,"ENSG00000196743"
-0.00530879901079478,1.62657204884146e-05,-0.000109529238424277,0.704888706553882,0.055250805428927,0.0827226295114911,0.999972615629654,"ENSG00000213433.5",5,"ENSG00000213433"
-0.000607993678843596,0.710844156526878,0.000429799223922219,0.322245682627868,0.0702630502174442,0.277289077431708,0.999995802097907,"ENSG00000123643.12",5,"ENSG00000123643"
-0.000101959054377418,0.939838035975123,4.65683307325368e-05,0.845796049253696,0.0334079808730278,0.214800770702221,0.999998563192012,"ENSG00000120306.9",5,"ENSG00000120306"
0.000363871643804326,0.772954973642982,0.000229965918977742,0.308336485464535,0.0330837863362375,0.132601098055168,0.999997072433304,"ENSG00000204965.8",5,"ENSG00000204965"
0.000879673814281689,0.459854572610136,9.54671220581356e-05,0.705563668708862,0.0463151210695826,0.207592764378462,0.999997745702397,"ENSG00000250120.6",5,"ENSG00000250120"
0.00505107551078535,0.000348693185760603,0.00018613947667935,0.536112615715809,0.045571669744514,0.25217024310611,0.999976423519244,"ENSG00000187372.11",5,"ENSG00000187372"
0.00110817472351879,0.423747559506825,0.000160084686801814,0.616070125965753,0.0542231271167966,0.313823271218055,0.999997122835128,"ENSG00000204963.5",5,"ENSG00000204963"
0.0013923360873236,0.136902167771979,-0.000240524689368972,0.288955337900716,0.0588065165581305,0.012721356286141,0.999995161263974,"ENSG00000182700.4",5,"ENSG00000182700"
0.00095541759666636,0.401716925346155,-0.00043739462907253,0.201875317484925,0.0906885032373706,0.0818233595179596,0.999995800146455,"ENSG00000213523.10",5,"ENSG00000213523"
0.000859081608787793,0.414475076185667,-0.000190105681550676,0.492685311119274,0.0696380063748529,0.0636930952987163,0.999997152107947,"ENSG00000146007.10",5,"ENSG00000146007"
0.00279079449169429,0.00155944524398824,-0.000186938085284559,0.435916448726947,0.0739816757368547,0.00171533202540498,0.99998350865917,"ENSG00000113141.17",5,"ENSG00000113141"
0.000387512492768335,0.788646632767597,7.59736329476989e-05,0.714296484335088,0.022558874326692,0.296108324039149,0.999998320392695,"ENSG00000170445.12",5,"ENSG00000170445"
0.00406587264197918,5.63362694894817e-05,-0.000175072728893086,0.464991077092546,0.0563532456750262,0.00356413923958082,0.999975229363426,"ENSG00000113119.12",5,"ENSG00000113119"
-0.00326221709642844,0.000542276122969179,0.000207286755838034,0.402145405982247,0.0696938070140126,0.129079063307872,0.999981627316553,"ENSG00000205765.8",5,"ENSG00000205765"
-0.000741876323383757,0.550828835935989,1.02980153144712e-05,0.965062473419495,0.0371427868746025,0.132280750175392,0.999998115060847,"ENSG00000248668.2",5,"ENSG00000248668"
0.000423444342467752,0.631932054486819,-0.000111991304089983,0.63042121417691,0.0694746731037829,0.0515175464586322,0.999998073418713,"ENSG00000247828.7",5,"ENSG00000247828"
-0.00213931104949949,0.170517033743301,-8.0421227852443e-05,0.790197852649914,0.0395882854083044,0.431626944264256,0.9999958056112,"ENSG00000164180.13",5,"ENSG00000164180"
0.00260838917530145,0.0304010565852815,-0.000123788193145883,0.585645656736873,0.0369809605394135,0.134324710184387,0.999991703398366,"ENSG00000164402.13",5,"ENSG00000164402"
-0.00016479588812512,0.889258752662534,0.000363477659108595,0.108938694438217,0.0385040085187249,0.140852130918029,0.999994970036079,"ENSG00000131437.15",5,"ENSG00000131437"
0.00239180998189447,0.0869971001638529,0.000487121122679967,0.0793330394161713,0.0402710188873216,0.262610835292514,0.999990586043979,"ENSG00000164609.9",5,"ENSG00000164609"
-0.000293855421121515,0.799293054906776,0.000207414220502992,0.351621302382489,0.0372412939714051,0.0258249175347169,0.99999739230701,"ENSG00000070614.14",5,"ENSG00000070614"
-0.000715637535571056,0.596283628565984,-9.7057894123511e-05,0.714685537807133,0.0404195285091093,0.217156211446741,0.999998143591207,"ENSG00000253213.1",5,"ENSG00000253213"
0.00344211767789265,0.0417744335626806,0.000542317993623274,0.0376178443545578,0.0273539999934009,0.345572134567476,0.999987545078236,"ENSG00000152684.10",5,"ENSG00000152684"
-0.00183594833156355,0.15605558081489,-0.000445940483451276,0.0604656787954703,0.035168777278064,0.161018932207343,0.999989591977187,"ENSG00000272416.1",5,"ENSG00000272416"
-0.000729440479390533,0.5862050013838,-4.792131760502e-05,0.855347618246938,0.0394844269656655,0.268156259341986,0.999998175020227,"ENSG00000157111.12",5,"ENSG00000157111"
0.00160176595736451,0.433205530355616,-0.000570420182659149,0.146962954265721,0.0409944888871203,0.641450156292121,0.999994555767182,"ENSG00000253908.1",5,"ENSG00000253908"
0.0016798867342989,0.266171282549187,9.24050432322692e-05,0.684353663512442,0.024260467721658,0.314738845464876,0.999996423189331,"ENSG00000249035.6",5,"ENSG00000249035"
-0.000538738583067952,0.67219792880881,-0.000296970826496199,0.198954418644787,0.0335190374399556,0.144755599641155,0.999996228579852,"ENSG00000272112.1",5,"ENSG00000272112"
0.00103526182880852,0.415165569526234,0.000193464659965332,0.43983962514034,0.0398052736665432,0.181022040966705,0.99999677916715,"ENSG00000113384.13",5,"ENSG00000113384"
-0.00101669057900975,0.389059050356968,-0.000200924115240446,0.339096387428599,0.0318751306206538,0.0298277110960761,0.999995897282733,"ENSG00000145781.8",5,"ENSG00000145781"
-3.99058651599341e-05,0.974033487356523,-4.03412606358678e-05,0.855632276253746,0.0332563580815874,0.0940698971479776,0.999998576682914,"ENSG00000145743.15",5,"ENSG00000145743"
-0.000236668150549142,0.852564149615515,0.000152977967878501,0.519656201483319,0.0352742864654353,0.147417950362848,0.99999793614942,"ENSG00000164237.8",5,"ENSG00000164237"
0.000567045297429278,0.752439421598492,0.000204168667930742,0.638488115720303,0.0621694819256826,0.435519933395791,0.999998289006071,"ENSG00000250786.1",5,"ENSG00000250786"
0.000954751192438992,0.507449195651873,-0.00105707815451345,0.000765154416546753,0.0528087499892594,0.273536647049303,0.999982891875561,"ENSG00000248559.1",5,"ENSG00000248559"
-0.00804272347294781,8.07083522398344e-05,-0.000332103967699196,0.27772663313027,0.0325489423610838,0.419572562920186,0.999958974424746,"ENSG00000237190.3",5,"ENSG00000237190"
-0.000446717152691,0.711655298183722,0.000171539452574193,0.409356012155278,0.0299813572357992,0.0645060543051358,0.999997619846936,"ENSG00000249363.1",5,"ENSG00000249363"
3.64336304442015e-05,0.974584899222185,-0.000235902726036488,0.287687716785386,0.0378674094495235,0.024610730801005,0.999997060234798,"ENSG00000164187.6",5,"ENSG00000164187"
0.00206893306478389,0.0876804678320466,0.000290485858630119,0.206111126697898,0.0361601161441889,0.0630691536580313,0.999993298650055,"ENSG00000049860.13",5,"ENSG00000049860"
0.00376596523165557,0.0096421024272235,3.12400351273076e-05,0.906018699701678,0.0352525676568253,0.284205200209782,0.999988634558794,"ENSG00000253785.1",5,"ENSG00000253785"
-0.000915674194028225,0.531226600682615,-0.000240018042900998,0.356764487097034,0.0328928605687207,0.241152809301384,0.999997230389572,"ENSG00000204758.7",5,"ENSG00000204758"
-0.00145757741493665,0.268620086989748,-7.48348949415249e-05,0.800939772615448,0.0517197171025149,0.255886698984432,0.999996892026809,"ENSG00000134987.11",5,"ENSG00000134987"
-0.00331424177452136,0.0116643099851813,-0.000823113724427769,0.00308818941834729,0.0455135670150204,0.122763673926732,0.999982687369004,"ENSG00000186335.8",5,"ENSG00000186335"
-0.00106386536465323,0.419330620125061,0.000238964021403899,0.303864132296527,0.0315785674792674,0.147751211308423,0.999996691738677,"ENSG00000177556.11",5,"ENSG00000177556"
0.00103508149282212,0.562556083876913,-0.00028446983981277,0.38279209107398,0.0374350606137159,0.450296340967386,0.999996224102141,"ENSG00000248996.1",5,"ENSG00000248996"
0.00167899974245226,0.186630757439882,4.10022898176971e-06,0.984955106962214,0.0300461279668644,0.123183698698113,0.999996094300603,"ENSG00000283235.1",5,"ENSG00000283235"
0.000916232471929468,0.513441531617392,-0.00015409933026496,0.566657050761402,0.0373002681074968,0.122396536656247,0.999997875802713,"ENSG00000011083.8",5,"ENSG00000011083"
-0.000480154262563329,0.701046082093389,2.36554694198509e-05,0.933822164336858,0.0524751284371528,0.182502376283821,0.999998413483767,"ENSG00000169247.11",5,"ENSG00000169247"
-0.00300892684631783,0.0252611124682894,0.000216824637407743,0.32618265094544,0.0274005723524404,0.162495001630799,0.99998920722133,"ENSG00000082516.8",5,"ENSG00000082516"
0.00216790737002773,0.133906253332642,0.000328454452326479,0.255535359249944,0.0408052561042563,0.340876947126008,0.999994298491608,"ENSG00000122203.14",5,"ENSG00000122203"
0.000487942030845547,0.741852507258014,-0.000160228957973489,0.631842874140855,0.0533051587382787,0.312015191456046,0.999998231632692,"ENSG00000113269.13",5,"ENSG00000113269"
-0.00129083755155217,0.281221183148633,-0.000557111335847108,0.0278756132042977,0.0454797675967348,0.0905022454196928,0.999987935067357,"ENSG00000238035.8",5,"ENSG00000238035"
0.00399683889159311,0.0135036665878125,0.000434069476085099,0.127226170176441,0.0318821322211622,0.407003959470144,0.999984266463334,"ENSG00000113300.11",5,"ENSG00000113300"
0.000715556792624075,0.555992383336179,9.34271520072765e-06,0.970152736863989,0.0428080100446093,0.113319296893926,0.999998130676436,"ENSG00000279923.1",5,"ENSG00000279923"
-0.000648038772703096,0.60154338145929,0.000151895852330941,0.548444725845835,0.0426646117213115,0.132527156261714,0.999997919186586,"ENSG00000174705.12",5,"ENSG00000174705"
-0.000630620199587718,0.754353921960102,0.000118576502865746,0.775303553609494,0.0516898728895803,0.602187801378934,0.999998335131896,"ENSG00000254164.1",5,"ENSG00000254164"
-0.00121159425214217,0.245651339663352,8.3536764027927e-05,0.718535076531991,0.0494938705423077,0.0315183829298724,0.999996199042187,"ENSG00000072571.19",5,"ENSG00000072571"
0.00271386566550836,0.00962970054291817,-0.00025397420909241,0.310194702148537,0.0570909503356494,0.0456801116590576,0.999987858251954,"ENSG00000261360.1",5,"ENSG00000261360"
-0.00159193290341981,0.331539843731093,-0.000207371526114998,0.547160213476264,0.0459090327359239,0.370648559619433,0.999995259267823,"ENSG00000151292.17",5,"ENSG00000151292"
0.00394787916996031,0.00176834873196039,3.3120431339403e-05,0.883949989321905,0.0336230416465231,0.115394372252072,0.999983665584043,"ENSG00000226221.1",5,"ENSG00000226221"
0.000204984297482784,0.847840986182581,-0.000341548636818974,0.0713127186140408,0.0315021301006185,0.0127141475023624,0.999994105771737,"ENSG00000263597.1",5,"ENSG00000263597"
-0.00061882693339067,0.598732147477959,-0.000475043850812056,0.0359619146617028,0.0375018516215166,0.0560938605163857,0.99999239406041,"ENSG00000202533.1",5,"ENSG00000202533"
-0.000824403110409808,0.472109942397249,-0.000173647851667874,0.444341048992128,0.0395703316757217,0.0509705046768517,0.999997369514338,"ENSG00000171530.13",5,"ENSG00000171530"
0.00339530721477482,0.0120599293662144,1.95190289176519e-05,0.9442358350563,0.0438422026744358,0.274068168182296,0.999989548620902,"ENSG00000226432.3",5,"ENSG00000226432"
-0.000387176014939668,0.730495576308499,-2.25341307056034e-05,0.919958115957222,0.0399146858025162,0.0151438901467925,0.999998457168126,"ENSG00000153015.15",5,"ENSG00000153015"
-0.0059654542683823,5.61905882544289e-06,-0.00018486759469943,0.510160263400999,0.0459955167672619,0.434188733277994,0.999967905955513,"ENSG00000120738.7",5,"ENSG00000120738"
-0.0027818870816719,0.0217182525186649,0.00014825111327048,0.582669871165006,0.0508659081444488,0.150205705893591,0.999990768755242,"ENSG00000120733.13",5,"ENSG00000120733"
-0.000189526752373523,0.861711320290356,-0.000346838215363337,0.106722864454889,0.0390598376162004,0.00141737953474893,0.999994509368425,"ENSG00000113249.12",5,"ENSG00000113249"
-0.00150375742178267,0.208494527903832,-0.000251269102855505,0.206272248948642,0.0282573691369605,0.0992385693329065,0.999994473056031,"ENSG00000174695.9",5,"ENSG00000174695"
-7.94765089243862e-05,0.942098650246164,0.000296267656653087,0.146986748414106,0.0351691086517765,0.0360284249509597,0.999995729503465,"ENSG00000250859.1",5,"ENSG00000250859"
0.00500271099794342,0.00184706247522633,-0.000202162618724257,0.47564540096396,0.0375326456539955,0.443952756020177,0.999977141158278,"ENSG00000198865.9",5,"ENSG00000198865"
0.00195746721774745,0.304872730145271,0.000161870639387657,0.652181970773888,0.0384220410522425,0.577378998051312,0.999996531915748,"ENSG00000164151.11",5,"ENSG00000164151"
-0.00723025084522315,3.04702992350438e-06,-0.00019258151971325,0.492624906679325,0.0382822938698845,0.358399239214581,0.999953048793639,"ENSG00000172262.11",5,"ENSG00000172262"
-0.00235514432008753,0.0611212606496341,-0.000282887826912147,0.253679234007967,0.0391819321051529,0.0422411148399668,0.999993519097592,"ENSG00000113649.11",5,"ENSG00000113649"
0.00149631649333954,0.324947345821568,-0.000229797206927272,0.453144047305531,0.0419341339381581,0.352189688409958,0.999995274154203,"ENSG00000152380.9",5,"ENSG00000152380"
0.00174076910026564,0.267537467665702,0.000936132207613337,0.0278721773590374,0.0757890954989954,0.421304178401557,0.999991345984687,"ENSG00000113318.9",5,"ENSG00000113318"
-0.00171271021362741,0.307144565384391,9.15645451720926e-06,0.973677486476974,0.0299144519925324,0.440204158713352,0.999997038937692,"ENSG00000249042.5",5,"ENSG00000249042"
-0.00726124821720645,6.42371456082097e-09,0.000567261209999683,0.0349108146674311,0.0475223253915219,0.364436557586691,0.999947587496201,"ENSG00000151881.14",5,"ENSG00000151881"
-0.0271757620884815,4.09966526608589e-48,-0.00050085637453953,0.39868270542472,0.0548299383017321,0.436998055696822,0.999614371188859,"ENSG00000249116.1",5,"ENSG00000249116"
-0.020968949688997,3.45115497747083e-38,0.000578554122744581,0.488948151502146,0.208205250476561,0.150665506319551,0.999604366355639,"ENSG00000113430.9",5,"ENSG00000113430"
0.000678790110189048,0.5876145362057,-0.000152945990819032,0.51646212322712,0.0363688827730249,0.301583136852796,0.999997527651137,"ENSG00000145526.11",5,"ENSG00000145526"
-0.00102069361645274,0.354638547527191,6.88206736311204e-06,0.975489065537869,0.0416424380362565,0.0876581553258605,0.999997345336957,"ENSG00000055147.18",5,"ENSG00000055147"
-8.39878866533248e-05,0.94998410375738,-5.53326227176775e-05,0.820885251525874,0.0340059930537232,0.20315819787778,0.999998523478771,"ENSG00000135077.8",5,"ENSG00000135077"
-0.00171617975857194,0.124393325051058,-1.01460134187017e-05,0.963216189822997,0.038927265082571,0.0101470502445157,0.999995267991486,"ENSG00000224186.8",5,"ENSG00000224186"
-0.00173614760186088,0.128765149778477,0.000387016633610235,0.113273942167719,0.0460071301780354,0.0625374569915152,0.999993641880714,"ENSG00000145715.14",5,"ENSG00000145715"
-1.69405672623993e-05,0.989784323464181,0.000312257488552511,0.249383629932567,0.0436109204778764,0.268478696373686,0.999996766163388,"ENSG00000169223.14",5,"ENSG00000169223"
0.00110896948514901,0.408895597086005,-0.000560216464031483,0.0373843988137169,0.040864959071288,0.140196060271817,0.999992638844393,"ENSG00000113716.12",5,"ENSG00000113716"
-0.000461420655393882,0.690495245153728,-0.00013831215046436,0.548753672496457,0.0397797590412329,0.0490590918011424,0.999997857657887,"ENSG00000145882.10",5,"ENSG00000145882"
0.000705495562561614,0.613414537976601,0.000576999991771091,0.0388562530040802,0.0416606956389018,0.216113706038402,0.999992670201573,"ENSG00000242814.2",5,"ENSG00000242814"
0.00338810767564377,0.11519571400677,-0.000287080725545577,0.151661343919519,0.0113600169501178,0.550549907836513,0.999992176903834,"ENSG00000170476.15",5,"ENSG00000170476"
0.00238862346595956,0.0355218882536904,-0.000425182946469634,0.0667723590753077,0.0430560072609876,0.104537724406008,0.999986322561571,"ENSG00000173221.13",5,"ENSG00000173221"
-0.000554960557764451,0.644183600394855,-0.000367607647978825,0.207222513525799,0.0593742836136305,0.0993324229310878,0.999996418945717,"ENSG00000178015.4",5,"ENSG00000178015"
-0.000820097232359723,0.483251583035957,0.00063804845991843,0.0276282907295601,0.0617669089139384,0.111586233162535,0.999990174530202,"ENSG00000145692.14",5,"ENSG00000145692"
0.00153391536168926,0.291309310576295,0.000785103339126755,0.0586996041356654,0.0818327215456823,0.30083288212855,0.999992169499463,"ENSG00000169220.17",5,"ENSG00000169220"
0.000303349729068685,0.817944505655591,-0.000395245449575905,0.106113548516271,0.03554625592724,0.188278565248708,0.999994968684532,"ENSG00000175414.6",5,"ENSG00000175414"
0.00131971747692425,0.367399899023768,-0.000311749134274456,0.233252429143334,0.0344075805858102,0.286791617844882,0.999995947841365,"ENSG00000215196.4",5,"ENSG00000215196"
0.000803821761788196,0.563199087909596,0.000265328756244093,0.298721158345239,0.0345101221526403,0.195709261087132,0.999995977986895,"ENSG00000271715.1",5,"ENSG00000271715"
0.000635169121293439,0.63792214204795,-0.00026233957413247,0.64877073193877,0.182258997953443,0.104741622195736,0.999998206099124,"ENSG00000271980.1",5,"ENSG00000271980"
0.000781505502949169,0.542456097783281,0.000400505964555477,0.0638385386555418,0.0288270552839461,0.0947717172299405,0.999993834176099,"ENSG00000145491.11",5,"ENSG00000145491"
0.000538684849410635,0.752754316470399,0.000165903161500488,0.674516599506231,0.0570908720198608,0.473430952715514,0.999998280167743,"ENSG00000150753.11",5,"ENSG00000150753"
0.000496436161563032,0.658060383393278,5.21118785278744e-05,0.814509725467181,0.0401308945450587,0.115768969614038,0.999998289449267,"ENSG00000039537.13",5,"ENSG00000039537"
-0.00165338147997346,0.141062057987035,0.000258917566854632,0.270454356302669,0.0448864108887635,0.131243612073155,0.99999370162361,"ENSG00000113638.13",5,"ENSG00000113638"
-0.000291950146592316,0.847821084689496,4.23371674335649e-05,0.879056870758865,0.0344723427730939,0.414070066932864,0.999998548156539,"ENSG00000183876.8",5,"ENSG00000183876"
-0.00130470587884695,0.296458251689192,-4.4237666239068e-05,0.852818290628376,0.0372384430917325,0.134386021756568,0.999996893172348,"ENSG00000086570.12",5,"ENSG00000086570"
-3.04882898827845e-07,0.999846965738646,0.000301159617187476,0.250931547766687,0.0292406475718664,0.399181214886356,0.999996810047781,"ENSG00000164591.13",5,"ENSG00000164591"
0.00570028127239371,0.00441044144584955,0.000477115974777205,0.132290792964642,0.0318933665405224,0.47891896505266,0.999982208741978,"ENSG00000171368.11",5,"ENSG00000171368"
-0.00198192039120641,0.0766554313975844,-0.000274507343166433,0.291313296159226,0.0543000077035304,0.0487774415584746,0.999993961532916,"ENSG00000040731.10",5,"ENSG00000040731"
0.00189927170953983,0.214756233223079,0.000322933701156427,0.434935475293768,0.073909202793798,0.359635904166228,0.999996242817474,"ENSG00000164307.12",5,"ENSG00000164307"
0.000676387881030501,0.602642008633541,-9.82609622747272e-05,0.688763749609427,0.0365386174844996,0.17447984509625,0.999997712787249,"ENSG00000118985.15",5,"ENSG00000118985"
0.000229941808517078,0.857007566626337,8.53659541529144e-05,0.765281475414567,0.0506811618412172,0.151735899954027,0.999998439638316,"ENSG00000248734.2",5,"ENSG00000248734"
-0.000865104736806133,0.541536225074609,-8.56235785971904e-05,0.717088910461717,0.0289114549060779,0.138489426035475,0.999997645654946,"ENSG00000039319.16",5,"ENSG00000039319"
-0.00152126822769126,0.212261483178337,0.000311443044726099,0.215852971562044,0.0439424656291121,0.0693615922747137,0.999994722053837,"ENSG00000113719.15",5,"ENSG00000113719"
-0.000298909470925951,0.828164840838345,2.40541060278963e-05,0.916882103209642,0.0292088729231218,0.152631387876961,0.999998545198228,"ENSG00000164463.12",5,"ENSG00000164463"
-0.000235711491997148,0.901375991218629,0.00109334062782242,0.00397512820252683,0.0409366359875312,0.572402946198049,0.999986859948727,"ENSG00000253439.1",5,"ENSG00000253439"
-0.000454392210736637,0.766147652784621,0.000236890903800097,0.344115250075097,0.0281765788468968,0.293650569275509,0.999997300215528,"ENSG00000113273.15",5,"ENSG00000113273"
0.00426648049167129,0.0107797540574419,-0.000245034852586802,0.322289864392605,0.0261760058177873,0.243225636393435,0.999987208786352,"ENSG00000073578.16",5,"ENSG00000073578"
-8.65466593402435e-05,0.942742278424515,-0.000185350131503565,0.435024006887589,0.0389770264726408,0.0296805464967313,0.999997733460601,"ENSG00000113361.12",5,"ENSG00000113361"
0.000187737424159588,0.890764653628788,0.00018793106459772,0.460668880077967,0.0357927042985207,0.202983831246421,0.999997819723073,"ENSG00000248323.5",5,"ENSG00000248323"
-0.00102839947502882,0.447643780665848,0.000231392675858069,0.378543187230092,0.0397627620286954,0.230081316179862,0.999996811658512,"ENSG00000255622.3",5,"ENSG00000255622"
-0.00146238146427789,0.169845662007773,-0.000491710440318272,0.0371981219706491,0.0495413064898351,0.0826392880136908,0.999990775920818,"ENSG00000243056.1",5,"ENSG00000243056"
-0.00134899134821882,0.134291232477176,0.000398039910009306,0.0217637703984046,0.0370854355495902,0.000721693730404334,0.99999035519816,"ENSG00000204969.6",5,"ENSG00000204969"
-0.00243112947866825,0.0409595511815278,-0.00017507367558876,0.481849992767158,0.0455598680342083,0.283984983798516,0.999992431163206,"ENSG00000113068.9",5,"ENSG00000113068"
-0.000793794938885176,0.659703379356315,0.000334079584444658,0.119341429221877,0.0174472892248789,0.449982484847206,0.999994854656543,"ENSG00000283602.1",5,"ENSG00000283602"
0.00372636172414693,0.0202098258130811,0.000513912550567407,0.0599586367373812,0.0312916973775606,0.544796655725879,0.99998780299636,"ENSG00000249637.1",5,"ENSG00000249637"
-0.00110048210536267,0.344948562405333,-0.00036286868229202,0.146812417829549,0.0463002377213385,0.0253162286622698,0.999994543360765,"ENSG00000181104.6",5,"ENSG00000181104"
-0.00215224530950876,0.151165534544373,0.000189908723503105,0.459669085763842,0.0315381164322073,0.349484948653299,0.99999479480449,"ENSG00000213763.4",5,"ENSG00000213763"
-0.000210604619098433,0.867783371565501,1.6114406229867e-05,0.946375369370095,0.0367644447050679,0.203044229091009,0.999998577648273,"ENSG00000283897.1",5,"ENSG00000283897"
-0.00271929989366305,0.151360508362182,1.76702817441827e-05,0.958105785447872,0.0328898521597319,0.564495591741985,0.999995507946474,"ENSG00000250320.5",5,"ENSG00000250320"
0.00139123317485559,0.351347664741121,-0.000392194834291049,0.321422720314588,0.0720964541840523,0.344722251248793,0.999996361302265,"ENSG00000183111.11",5,"ENSG00000183111"
-0.000637115149046598,0.606092682517368,-7.02838642086676e-05,0.787774755449693,0.0460453824670255,0.187965384159117,0.999998223855103,"ENSG00000197744.5",5,"ENSG00000197744"
0.000834696235910646,0.453794506244729,0.000336965727535854,0.129124526615065,0.0398851613092127,0.0259363962772365,0.99999314554648,"ENSG00000183654.8",5,"ENSG00000183654"
-0.000688310712115005,0.586989797256076,-0.000314413151982064,0.108350766563992,0.0247883680743133,0.136864578728387,0.999994510837513,"ENSG00000178722.12",5,"ENSG00000178722"
-0.000703341571312226,0.434566731931849,-0.00016462635730556,0.492915069101734,0.071332873053836,0.0489231679310196,0.999997393139584,"ENSG00000186105.7",5,"ENSG00000186105"
-0.000612848706415996,0.587465231780848,-0.000106486904063673,0.631135318807173,0.0388650775110283,0.0599811295665216,0.999997874820921,"ENSG00000234292.3",5,"ENSG00000234292"
0.000795762872660483,0.556882665442314,0.000223877439974582,0.413703311158081,0.0416833374717533,0.232802606248635,0.999997424104495,"ENSG00000272239.1",5,"ENSG00000272239"
-0.000499236965632607,0.669539806251665,0.000150836690599766,0.512194892484717,0.0396134000007063,0.11272873241161,0.99999775385977,"ENSG00000164221.12",5,"ENSG00000164221"
0.00278335315114414,0.0182028007902326,0.000262550206645665,0.277310189813248,0.0420717578265414,0.0935021980137557,0.999987017419478,"ENSG00000280068.1",5,"ENSG00000280068"
0.000238698113439512,0.829599414715999,0.000148409957404591,0.48086814128273,0.0361536332207227,0.0219878449573768,0.999997928066215,"ENSG00000039600.10",5,"ENSG00000039600"
0.00166674389561565,0.171300721061311,0.000241906374425597,0.308663223935943,0.038494401620122,0.0634634346006128,0.999995105380992,"ENSG00000272417.1",5,"ENSG00000272417"
-0.000478781359817809,0.750255737270982,-0.00027146992596161,0.297357798614022,0.0316430395386372,0.327894672575998,0.999996750068763,"ENSG00000278970.1",5,"ENSG00000278970"
0.00294401385470245,0.0197326455729433,1.55390752061061e-06,0.99433378924427,0.0303436557674811,0.0876136296004931,0.999990483554479,"ENSG00000249797.1",5,"ENSG00000249797"
0.000125011096241963,0.924866529098182,0.000163840887275891,0.523679782405485,0.0393480070553368,0.259460226385646,0.999998032947181,"ENSG00000260686.1",5,"ENSG00000260686"
-0.00281056774101605,0.086679589611593,0.000147334228590498,0.647620585298254,0.0393024943082431,0.399600313638225,0.999992862173909,"ENSG00000279522.1",5,"ENSG00000279522"
-0.000264863022981354,0.815862847617304,1.26687454245729e-05,0.959906000967647,0.0493212819641775,0.0308013154253075,0.999998548553708,"ENSG00000280161.1",5,"ENSG00000280161"
0.00122986753442039,0.326465904013505,-0.000424661426227019,0.100345225183612,0.0434058708432656,0.12415905439748,0.99999203094105,"ENSG00000146090.15",5,"ENSG00000146090"
0.000406941368013277,0.731434680507885,-0.000354557822272605,0.13434240981354,0.0404963208609461,0.0916599833262249,0.999995116882655,"ENSG00000248103.1",5,"ENSG00000248103"
-0.00200533103738971,0.182971622594128,-0.000427844202918863,0.125343776323188,0.0366342216803141,0.287227669216799,0.999993922710004,"ENSG00000271828.1",5,"ENSG00000271828"
0.00160648261256636,0.154940467107282,0.00024971915228946,0.318555619082797,0.0495792905536547,0.0876972025453466,0.999994584881489,"ENSG00000164902.13",5,"ENSG00000164902"
0.00175373085426529,0.140307054753406,0.000605254563514465,0.00646367886528365,0.03552858020837,0.102003967206215,0.999986022357868,"ENSG00000250602.5",5,"ENSG00000250602"
-0.00301967750238014,0.0049958006700445,-0.000533821068972955,0.0214178552184472,0.0467078497170725,0.0288966135140079,0.999983753007604,"ENSG00000132911.4",5,"ENSG00000132911"
-0.00098734398606139,0.441332099755628,0.000230797718348786,0.382095959367173,0.0429603259377809,0.13783616256977,0.999996935697114,"ENSG00000164284.14",5,"ENSG00000164284"
-0.00115136529624857,0.300781165884183,-0.000101578471385934,0.648879387988849,0.0409586211007328,0.0993333889103347,0.999996960064813,"ENSG00000214510.9",5,"ENSG00000214510"
-0.00129682813121519,0.398337031353149,-0.000297497205355749,0.339845180474512,0.042702679018783,0.327031105415416,0.999996984194255,"ENSG00000250240.5",5,"ENSG00000250240"
-0.000838380240489504,0.526006963260968,-0.00010334199778811,0.679689653215941,0.0369312856759831,0.220386118019243,0.99999794092391,"ENSG00000133302.12",5,"ENSG00000133302"
-6.08102478388547e-05,0.963917948697681,0.000315807957961256,0.240902053857858,0.041628727645696,0.208461827229702,0.999996731851388,"ENSG00000164620.8",5,"ENSG00000164620"
0.000323761078731377,0.777090630920285,-0.000164865413349785,0.458056011461111,0.0382282689423571,0.0738174843392343,0.999997790305453,"ENSG00000113211.5",5,"ENSG00000113211"
0.00098749580414586,0.358375047102625,-0.000128979863085061,0.515491459732504,0.0348744125346205,0.13128539948021,0.999996884294338,"ENSG00000251664.3",5,"ENSG00000251664"
0.00299794789503011,0.0293802112203418,-0.000163553892403225,0.535568355407543,0.0384046011110801,0.269186136900304,0.999991159413881,"ENSG00000120327.6",5,"ENSG00000120327"
6.36959399142479e-05,0.956007089170694,-0.000133206973527388,0.619844256129185,0.0544177426979013,0.0426383589766179,0.999998281762222,"ENSG00000184188.6",5,"ENSG00000184188"
-0.00235359603708846,0.107986935761439,-0.000135639092705733,0.563871997218038,0.0276223918378882,0.212382319768494,0.99999366110133,"ENSG00000152932.7",5,"ENSG00000152932"
-0.000723133843858486,0.542022115441293,7.29958417927588e-05,0.751893848051156,0.0381550971774805,0.0531710021019413,0.99999792091165,"ENSG00000113460.12",5,"ENSG00000113460"
-0.00222980845119385,0.153990521694349,4.96110490627611e-05,0.878428707481456,0.0452314288572829,0.413030845558963,0.999995287253728,"ENSG00000272070.1",5,"ENSG00000272070"
0.00146159386982499,0.204082334883789,0.000150801026554755,0.457484288707698,0.0311523434792124,0.00909983649206835,0.999994916694115,"ENSG00000253953.2",5,"ENSG00000253953"
-0.00182937659401461,0.188454828556812,-0.000161575576948325,0.551088913397338,0.0388875462835047,0.241585172189,0.999995889540424,"ENSG00000261757.1",5,"ENSG00000261757"
6.11664285113756e-05,0.958558323298675,-0.000613415877196662,0.010409955095401,0.0421909292818061,0.119586492362044,0.999989593495156,"ENSG00000081853.14",5,"ENSG00000081853"
0.00284946063020118,0.0810658076355138,-0.000109074114751304,0.716163164148349,0.0381184862427925,0.392637981477705,0.99999381390496,"ENSG00000171720.9",5,"ENSG00000171720"
0.00158296079452562,0.15814146085483,-0.000217468597441817,0.3035972254184,0.0358228567550351,0.0341609914899229,0.999993435301208,"ENSG00000277795.1",5,"ENSG00000277795"
0.00126302017725871,0.355603301029558,0.00041135968830337,0.134834497615113,0.041624254311597,0.186079259797204,0.999995357340567,"ENSG00000156427.7",5,"ENSG00000156427"
0.000686916735875359,0.589466497752605,0.000145412334134518,0.558513404706331,0.038697415856597,0.101415454605086,0.999997877420076,"ENSG00000249601.2",5,"ENSG00000249601"
-0.00426736627171795,0.00603375605702454,0.000555057829792617,0.0502286650221479,0.0355554373137165,0.334773081743907,0.999983912702223,"ENSG00000112992.16",5,"ENSG00000112992"
0.00922281102363966,3.24525312524961e-09,-0.00100620534915886,7.20485313506861e-06,0.0241952974705537,0.3784784166407,0.999911829923696,"ENSG00000249092.1",5,"ENSG00000249092"
0.00149658041697084,0.232666937172519,-0.000207411079991588,0.408154811604234,0.0403939643880537,0.170873349529745,0.999995522065513,"ENSG00000113594.9",5,"ENSG00000113594"
0.00283972825969069,0.0595207868022028,-0.000300489176130588,0.423744000790643,0.0630641695056438,0.22422583489568,0.999993617076377,"ENSG00000235558.3",5,"ENSG00000235558"
-0.00161777231518319,0.177080173533179,-0.000367110948572881,0.105089217201458,0.0364839188715138,0.0985681964785774,0.99999195133003,"ENSG00000253873.5",5,"ENSG00000253873"
-0.000769863152826216,0.557037556880453,0.000175893541665547,0.484343034853283,0.0374510850926147,0.130302734089699,0.999997680533837,"ENSG00000138829.11",5,"ENSG00000138829"
0.00441053702832396,0.00104480111820108,0.000494914744793525,0.0779690635287675,0.0434188220103251,0.333612878359364,0.999978880479804,"ENSG00000066583.11",5,"ENSG00000066583"
-6.3035630049002e-05,0.963439004259046,0.000275766025459911,0.323105383216833,0.041785780366823,0.118225596631924,0.999997015631505,"ENSG00000272081.1",5,"ENSG00000272081"
0.00714970202441743,0.00141936241731057,0.00130000652706027,0.00322127665958403,0.0401581789798084,0.620049552107524,0.999978489572128,"ENSG00000254295.1",5,"ENSG00000254295"
-0.00183334384458842,0.163698095452745,-0.000242651842008635,0.327443862262331,0.0367923868471547,0.179293414823336,0.99999526687027,"ENSG00000251400.1",5,"ENSG00000251400"
-0.00228306051136085,0.0425631284957231,0.000173280757828853,0.468023049590308,0.0452714624457233,0.0368982836826337,0.999991203796338,"ENSG00000168671.9",5,"ENSG00000168671"
-0.00364576528920061,0.000799116371841245,0.000292274655584021,0.158183415329496,0.0367128392224046,0.139748988944759,0.999982149971742,"ENSG00000270067.1",5,"ENSG00000270067"
-0.000493387369805366,0.756750432543225,-0.000130641971223395,0.628724822349808,0.0313506263498889,0.402517127864675,0.999998119028861,"ENSG00000251187.5",5,"ENSG00000251187"
-0.00257475835022545,0.0400897739043475,-0.000373210130928125,0.108319309394324,0.0344103606360217,0.0185525632215664,0.9999915682602,"ENSG00000145681.10",5,"ENSG00000145681"
0.00265552307181678,0.00462642574684799,-3.41025453891097e-05,0.876386725106446,0.0575468862764154,0.31848506044236,0.999986847811001,"ENSG00000259663.2",5,"ENSG00000259663"
0.00299571967129558,0.00483907419051175,-0.000335078156830363,0.203949327492277,0.0619654795086238,0.238237725135481,0.999982482614801,"ENSG00000016082.14",5,"ENSG00000016082"
-0.000914982056144496,0.522412873784024,0.000292812954158505,0.253031093466222,0.0331727100906966,0.27878521206638,0.999996190906296,"ENSG00000113721.13",5,"ENSG00000113721"
0.00233313831709283,0.0474979857754671,-0.000338059861315946,0.13506731132486,0.0374654483653752,0.185516453832555,0.999989999631065,"ENSG00000113140.10",5,"ENSG00000113140"
0.000566768188754096,0.624934484411356,0.000276711613079315,0.204780401511695,0.0357285168448623,0.0587552828351614,0.999995966329866,"ENSG00000212643.2",5,"ENSG00000212643"
-0.00087889177453983,0.487322186372584,0.000137745501760411,0.639443654912816,0.0545557141741105,0.214092496373926,0.999997708680991,"ENSG00000129595.12",5,"ENSG00000129595"
0.00332495037002341,0.00833672868275481,-0.000294281694811676,0.13996733261847,0.0259993500563708,0.163444944206528,0.999987174971663,"ENSG00000272103.1",5,"ENSG00000272103"
0.0013401035937536,0.218153730552934,-0.000137555023267779,0.585258074537666,0.0544703931490197,0.0512985145445372,0.999995466385987,"ENSG00000249915.7",5,"ENSG00000249915"
0.00115378511256925,0.184306111258567,0.00013424833628971,0.542705754679718,0.0653098840835492,0.0895288970816834,0.999995223929367,"ENSG00000224431.1",5,"ENSG00000224431"
-0.000988985215276346,0.219631957737555,-0.000822147559573569,0.000165758297759272,0.0734157291497141,0.000542643811667788,0.999976077428219,"ENSG00000214244.4",5,"ENSG00000214244"
0.000371353346122752,0.810036815897773,-0.000465520993202416,0.090631483992225,0.0342153941533203,0.342542182008111,0.999994566330119,"ENSG00000250909.1",5,"ENSG00000250909"
0.000353020016499631,0.694279350467643,0.000371267994976985,0.130402902401444,0.0778419672540057,0.225201049848673,0.999995091154978,"ENSG00000170571.11",5,"ENSG00000170571"
-0.000975890282305024,0.387717940339397,-0.000274010370543994,0.202204331358273,0.0365317994384176,0.0381901937796034,0.999995574351376,"ENSG00000113083.13",5,"ENSG00000113083"
-0.00149548060216373,0.231423222036949,0.000157640258669724,0.460654451345116,0.0302590823593872,0.159340463373061,0.999995349225064,"ENSG00000113391.18",5,"ENSG00000113391"
1.43153541418372e-05,0.991519992457707,-0.000108696396745689,0.652922574071269,0.0326672753855542,0.135917127779521,0.99999832117958,"ENSG00000082196.20",5,"ENSG00000082196"
-0.00435238918774914,0.0169133642998442,0.000804810916705526,0.0338333669519902,0.0462699069665465,0.552918198390733,0.999983017640794,"ENSG00000174358.15",5,"ENSG00000174358"
0.000445591732474851,0.728857110571977,-0.000122749962925639,0.615804951333516,0.0362346081324623,0.00295896247257266,0.999998121698361,"ENSG00000175749.11",5,"ENSG00000175749"
0.00079700498390758,0.470780748392824,6.18362638793564e-05,0.781163461326505,0.0407651334829239,0.0314095912330929,0.999997643601899,"ENSG00000164176.12",5,"ENSG00000164176"
-0.00148091533985974,0.210578718039839,5.9471032627218e-05,0.759355016039324,0.0275881456792245,0.115596110310312,0.999996375279357,"ENSG00000134982.16",5,"ENSG00000134982"
0.00172967323160482,0.172188777168833,-0.0002136215345737,0.335522614138972,0.0311023769213685,0.0876826361178903,0.999994782224473,"ENSG00000145779.7",5,"ENSG00000145779"
-0.00336988070783771,0.0134926794589225,-1.24273443641282e-05,0.959503380611287,0.0332576817293811,0.218105563988755,0.999989491985282,"ENSG00000168916.15",5,"ENSG00000168916"
-0.000309377055393123,0.801201414132162,2.03826548090811e-05,0.93045485491725,0.0362011891922096,0.0144199870898511,0.999998502826554,"ENSG00000145777.14",5,"ENSG00000145777"
8.25414238397409e-06,0.995801282875454,-0.000380862285425359,0.186071721538901,0.0355813469923352,0.399404861153222,0.999996160970438,"ENSG00000039560.13",5,"ENSG00000039560"
0.00101692666642465,0.406580493528074,0.000364237079088701,0.120965517751409,0.0371250496911425,0.073019111681722,0.999992525607837,"ENSG00000241956.9",5,"ENSG00000241956"
0.00016248074510413,0.888339726714454,5.16017410605096e-06,0.980220410429979,0.032402745905341,0.0130785173518958,0.999998593119777,"ENSG00000168944.15",5,"ENSG00000168944"
1.44181885822632e-05,0.992859185409022,-0.000493366936420038,0.0925106538078893,0.0360925314676417,0.414211257119861,0.999994729788079,"ENSG00000176055.9",5,"ENSG00000176055"
0.000888871760600646,0.421002738282854,-0.000151654411582682,0.478954029960492,0.0386968371705691,0.0780827759789923,0.999997047089451,"ENSG00000113356.11",5,"ENSG00000113356"
0.00205675976948127,0.146637120353753,0.00041462412824732,0.104065548246334,0.034696095261334,0.300194409883368,0.999990442449873,"ENSG00000113368.11",5,"ENSG00000113368"
0.000979882788629187,0.537767972961189,-7.58752589598964e-05,0.810096687470051,0.0407148298585545,0.417841103442874,0.999997827839285,"ENSG00000113456.18",5,"ENSG00000113456"
-1.569835270651e-05,0.990813894552253,0.000324573561151163,0.232663073456233,0.0407233698518241,0.220723188427587,0.999996527444198,"ENSG00000134061.5",5,"ENSG00000134061"
-0.00182881594044392,0.102919672833815,-0.00010290920950354,0.638801249755662,0.0385972242122161,0.0567685731987629,0.999994809723173,"ENSG00000204928.2",5,"ENSG00000204928"
-0.00160201283973458,0.425653743289167,0.000629026801289441,0.0504047105205383,0.0309852610149985,0.530434511558139,0.99999110309519,"ENSG00000185305.10",5,"ENSG00000185305"
-0.00306354073490546,0.0978218027763265,-0.000427026972556569,0.25461922959542,0.0424404618650773,0.575170024044184,0.999992866345408,"ENSG00000169131.11",5,"ENSG00000169131"
0.000749932412147623,0.576241554247556,0.000228693778119178,0.340750570591292,0.0384950518072682,0.130773347130647,0.999996746823574,"ENSG00000249140.1",5,"ENSG00000249140"
0.00044242349826992,0.796084547168827,0.00102885439233116,0.00374871280208068,0.0446397733894019,0.478229774502888,0.999985161457648,"ENSG00000260763.1",5,"ENSG00000260763"
-0.00132220806929994,0.340074238523933,0.00040437594895705,0.215609844849269,0.0568486177279487,0.352088325477995,0.999995452540488,"ENSG00000213949.8",5,"ENSG00000213949"
0.00238976276468119,0.146680900380817,-0.00113606225967305,0.0320520552582418,0.104519233134468,0.186231571110066,0.999992227958971,"ENSG00000113621.14",5,"ENSG00000113621"
-0.00413264075973799,0.000519957573944917,-4.53839553753131e-05,0.868691745790417,0.0534682410906404,0.173259867876335,0.999981501089828,"ENSG00000152700.13",5,"ENSG00000152700"
-0.000135073483140387,0.907298935321623,-5.401225587581e-05,0.824043503631303,0.0438710046202132,0.00299813167801065,0.999998522519236,"ENSG00000234511.8",5,"ENSG00000234511"
-0.00115081456495835,0.348690506048507,-1.51883497585854e-05,0.955782528086626,0.0508462811191957,0.171142732814236,0.999997312869669,"ENSG00000235172.7",5,"ENSG00000235172"
0.000165704304002372,0.898894721854305,0.000248587199183998,0.251378341213909,0.0287646619728959,0.17114997492647,0.999996584293487,"ENSG00000249014.2",5,"ENSG00000249014"
0.00314807821485243,0.000671996388338762,0.000289133931647241,0.15963314905826,0.0494531300538116,0.0186277790002892,0.999978161110873,"ENSG00000122012.13",5,"ENSG00000122012"
-0.00212690867967,0.0772049894573499,-0.000149693986762987,0.540454027917235,0.0421336960468519,0.0887802319918226,0.999992396108277,"ENSG00000164171.10",5,"ENSG00000164171"
-0.000642890811293781,0.595858833893693,-0.000104416831050184,0.670018140858869,0.0413415129202012,0.0878669870500658,0.99999781398535,"ENSG00000133401.15",5,"ENSG00000133401"
0.0119361218794566,8.4084804938549e-05,3.31880087723006e-05,0.906525516934326,0.0150821341382858,0.538379377394596,0.999949064704417,"ENSG00000215068.7",5,"ENSG00000215068"
-0.000788684216220778,0.488994801868607,-4.54185217681588e-05,0.832074868698552,0.035559765018792,0.0543748402671056,0.999997905809335,"ENSG00000175857.8",5,"ENSG00000175857"
-0.00154265908077956,0.224943421188519,-0.000453747323984395,0.0617280178071294,0.0375055035600173,0.150344829498168,0.999993173725702,"ENSG00000250900.6",5,"ENSG00000250900"
-0.00240122283524267,0.0375113336661557,9.27691132296662e-05,0.670905908520116,0.0363498146763224,0.140053997777415,0.999990452379952,"ENSG00000279232.2",5,"ENSG00000279232"
0.000707370617104582,0.682560200401935,-0.000993046323419399,0.00212407298326475,0.0364635015903702,0.383347030737562,0.999978203664035,"ENSG00000178996.13",5,"ENSG00000178996"
0.000275156070417748,0.872358562539018,-0.000110736402484438,0.711328205685909,0.032208236295641,0.408101441072681,0.999998432864568,"ENSG00000249306.5",5,"ENSG00000249306"
-0.0131043898705026,7.70875719951871e-05,0.00141895262632558,0.0145833866252526,0.0394967198540859,0.72189565312821,0.999959851298728,"ENSG00000213376.4",5,"ENSG00000213376"
-0.00296615696286776,0.0908318317762339,0.000190117671200436,0.500518935912722,0.0290877079181516,0.473378734874275,0.99999388839995,"ENSG00000271334.5",5,"ENSG00000271334"
0.00119544187078531,0.480120831739051,0.000227357802291053,0.431726417685015,0.0315379314517961,0.457230427287902,0.999997254925491,"ENSG00000229119.3",5,"ENSG00000229119"
-0.000406506545345617,0.757893431349133,-0.000255051688147118,0.341690332988171,0.0425530728644281,0.223309383401973,0.99999700621323,"ENSG00000169862.18",5,"ENSG00000169862"
-1.77125914309723e-05,0.991595435362334,0.000217237593951767,0.585481461684878,0.0595361936957605,0.467942880904287,0.99999819611608,"ENSG00000204677.10",5,"ENSG00000204677"
-0.00119058800114815,0.36575524849151,-0.000204122956918875,0.404148479247269,0.035197569374312,0.146515961022542,0.999995985878456,"ENSG00000094755.16",5,"ENSG00000094755"
0.000604950804765043,0.570537264170949,0.000469905851464426,0.0466928448965868,0.0508267249911548,0.283917925373896,0.999993007987497,"ENSG00000125347.13",5,"ENSG00000125347"
-0.00118312022284404,0.280128575330751,0.000267005887268321,0.220430092256364,0.0396128145046483,0.00911077333678795,0.999995051066345,"ENSG00000164405.10",5,"ENSG00000164405"
0.00195241800393275,0.115930870913202,0.000310272821749765,0.174683265651604,0.0344385758683659,0.139749690137687,0.999991588504178,"ENSG00000223442.1",5,"ENSG00000223442"
-6.52506323599125e-05,0.958584619578728,-0.000359127480944962,0.268116640613486,0.06703330810625,0.0619868665703778,0.999996771011767,"ENSG00000164334.15",5,"ENSG00000164334"
-0.000455011612871413,0.679709442132579,-0.00062955556987892,0.0102019297481718,0.049690305993454,0.0701873661949345,0.99998945742246,"ENSG00000249825.5",5,"ENSG00000249825"
-0.000778869552588111,0.582796565183082,-0.000283337413722794,0.259169585568382,0.0326521779194368,0.239472116418439,0.999996574084438,"ENSG00000152422.15",5,"ENSG00000152422"
0.000801906159590408,0.532493828583708,0.000179576640653891,0.460924148348616,0.0364530179574584,0.0765721128978225,0.999997048260704,"ENSG00000226926.7",5,"ENSG00000226926"
0.000967562959964838,0.404049433687672,-0.00032358377704731,0.160551336129806,0.0405027864463309,0.0905540792536568,0.999995137589467,"ENSG00000113569.15",5,"ENSG00000113569"
-0.000919949624773835,0.467449288917605,0.000282687984510693,0.327758401761941,0.0525162138619194,0.0606736644404232,0.999997216385579,"ENSG00000152495.10",5,"ENSG00000152495"
-0.00309027254064253,0.00772275272163702,-0.000338833590754045,0.11998003236272,0.0355159002758895,0.0258009400175349,0.999985468425928,"ENSG00000246859.2",5,"ENSG00000246859"
0.00107331735725043,0.330867349286942,-0.000148135160485135,0.428267077535471,0.0288848536524097,0.0363751692213509,0.999996691057801,"ENSG00000271849.1",5,"ENSG00000271849"
-0.000302812550984066,0.816625344482272,-7.22274892308863e-05,0.792874217114621,0.0452026522368216,0.10759991071626,0.999998492477942,"ENSG00000184347.14",5,"ENSG00000184347"
-0.00160770229613799,0.296263560508153,0.000380377565955298,0.271531134726205,0.0519484627478696,0.30891741381314,0.999996430489424,"ENSG00000170271.10",5,"ENSG00000170271"
-0.000431489873601573,0.71331006774042,0.000208738820793972,0.450192689322477,0.0554985104469691,0.0421725975837379,0.99999682276018,"ENSG00000151422.12",5,"ENSG00000151422"
0.00380443210287825,0.00532332520056117,-0.000108884143825585,0.682887784518639,0.0385073174339389,0.116272615715355,0.999983301510364,"ENSG00000134516.15",5,"ENSG00000134516"
-0.0031174401161931,0.0636313995107073,0.000306071222687708,0.177938412129398,0.0206909226075633,0.486650933091592,0.999990702557407,"ENSG00000145730.20",5,"ENSG00000145730"
0.000721923427950034,0.641864448515316,0.000261003221886453,0.313782673579881,0.0313347505152848,0.308856656203247,0.999996650184797,"ENSG00000188818.12",5,"ENSG00000188818"
0.00320592511808833,0.249498338639909,0.00076712304578006,0.184958148609969,0.0449984764346637,0.637975702004076,0.999995918606929,"ENSG00000249908.2",5,"ENSG00000249908"
0.0012069777826168,0.435461819707127,0.000282035942586597,0.32429389979455,0.0380646126150039,0.318770872991928,0.99999613252698,"ENSG00000279197.1",5,"ENSG00000279197"
0.00126564225689474,0.420397653144619,-0.000312567269260179,0.323637036425446,0.042292893311834,0.175572495113995,0.999997102886495,"ENSG00000271737.1",5,"ENSG00000271737"
0.00382270243777273,0.00299523844468672,-0.000367671342006299,0.110504231234979,0.0324046977095462,0.173815970966145,0.999984614341034,"ENSG00000235253.1",5,"ENSG00000235253"
-0.000511059869750964,0.671081661354459,-0.000213949651427336,0.386416794604782,0.0427350590174723,0.0789911475942123,0.999996849302648,"ENSG00000170482.16",5,"ENSG00000170482"
-0.00292884897688554,0.00458325081105733,0.000958443228595024,1.40267663635992e-06,0.0391636965686594,0.220333051269778,0.999954709164699,"ENSG00000112983.17",5,"ENSG00000112983"
0.0031622420308622,0.0321065208955301,-0.000338871372405108,0.186378049738826,0.0317123037021322,0.233101645632573,0.999985265417792,"ENSG00000113643.8",5,"ENSG00000113643"
0.00399804358114059,0.0424640886010563,-0.000105349783584342,0.724385540668022,0.0273887092062424,0.524175727904967,0.999991608013693,"ENSG00000134363.11",5,"ENSG00000134363"
-0.000328664317690367,0.820840238019548,-0.000106203409702383,0.708925557206211,0.0410577645908699,0.358500876974874,0.999998356729702,"ENSG00000068796.16",5,"ENSG00000068796"
0.00236895353345872,0.193781949522594,-0.000525604032305901,0.144768662682023,0.0401029000002488,0.51243895626758,0.999994599387093,"ENSG00000113739.10",5,"ENSG00000113739"
9.26558614621585e-05,0.948131255571674,-0.000338850576880681,0.218577056460656,0.0383532477654266,0.29741339228478,0.999996387082938,"ENSG00000248359.1",5,"ENSG00000248359"
-0.003750856344758,0.00623750010511005,0.000123072307969535,0.670707285775982,0.0458215868402516,0.23844819158297,0.999986953946131,"ENSG00000249721.1",5,"ENSG00000249721"
-0.00176099083512278,0.208838614631216,-0.000338106567275362,0.234770558642686,0.0428966634324377,0.21989136074536,0.999995408453533,"ENSG00000255883.1",5,"ENSG00000255883"
-0.00098461045594697,0.486242201902033,3.83795726717384e-05,0.893468876933431,0.0421864754783015,0.370353547793417,0.999997874567867,"ENSG00000215006.4",5,"ENSG00000215006"
0.000945623444181013,0.407744972837847,-4.28924232174286e-05,0.824589762005394,0.0290304705019859,0.0391243823191486,0.999997552876007,"ENSG00000228737.2",5,"ENSG00000228737"
-0.000186227414864516,0.884948102698644,-0.000552264172766457,0.0361372682689379,0.0428526238683751,0.162036098623036,0.999992577276963,"ENSG00000271871.1",5,"ENSG00000271871"
1.23458080277631e-05,0.988987635163186,0.000203395145726065,0.333036287898947,0.0556591063455748,0.0890870606615941,0.999997293823013,"ENSG00000272367.1",5,"ENSG00000272367"
0.00306085844770131,0.166912984009527,0.000845753808065345,0.0538411842995025,0.0416442540586704,0.614547100637484,0.999992834165429,"ENSG00000253683.1",5,"ENSG00000253683"
0.000970605847011113,0.499584540407011,-6.68735646007418e-05,0.817754241777274,0.0418513961765789,0.236644011177858,0.999997604585332,"ENSG00000276365.1",5,"ENSG00000276365"
0.000342106436674796,0.838321992649374,-0.000295459917236897,0.32924060522963,0.0353581685034452,0.431667539179542,0.99999728233907,"ENSG00000197948.10",5,"ENSG00000197948"
-0.00084755065408375,0.53449133532749,-0.000355657859379069,0.186818448211394,0.0400208937812138,0.304087882493592,0.999994985599688,"ENSG00000113578.17",5,"ENSG00000113578"
0.00331906115758326,0.0426694289543885,-0.000199591251112103,0.502508075272683,0.0354169218792764,0.372983553612844,0.999988605712665,"ENSG00000250222.1",5,"ENSG00000250222"
-0.000439818687460257,0.7711598144112,-0.000437423765183379,0.2787406456734,0.0741152175326777,0.303703326815228,0.999996543012224,"ENSG00000168903.8",5,"ENSG00000168903"
0.000824635318099599,0.496411595182825,-8.2881568518162e-05,0.704008237135436,0.0328571192332899,0.0641249521273044,0.999997816353332,"ENSG00000146063.19",5,"ENSG00000146063"
0.00427250113091104,0.00280861266957186,0.000135958918414855,0.563591745784632,0.0281078488014273,0.199255352155124,0.999982967674552,"ENSG00000113583.7",5,"ENSG00000113583"
-0.00121909011188695,0.283960023027199,-0.000192359988831995,0.390935946244143,0.0389666001316183,0.0354974696581093,0.999995579442098,"ENSG00000211445.11",5,"ENSG00000211445"
-0.00469374708633922,0.010045295909044,-0.000319456952664456,0.312839203985318,0.0329930024148875,0.477514614050072,0.999987951289293,"ENSG00000145703.15",5,"ENSG00000145703"
0.00228713436738409,0.102306206380387,0.000575751496460949,0.233234781896835,0.119531586505381,0.194356554794973,0.999994434598796,"ENSG00000164904.17",5,"ENSG00000164904"
0.000620938199199121,0.545064145579448,-0.000446631616795186,0.0327204430294153,0.0417805211305875,0.0221534745209049,0.999992198792489,"ENSG00000164199.16",5,"ENSG00000164199"
0.000974035912975828,0.351809270521019,-0.000288629910303999,0.205209992731162,0.0476076561992904,0.0368865159485875,0.999995819111514,"ENSG00000037749.11",5,"ENSG00000037749"
0.000101522137877938,0.933798707281924,-0.000598669684075407,0.00933594512290649,0.0358950155089125,0.102005269648615,0.999989324272177,"ENSG00000215158.9",5,"ENSG00000215158"
-2.19370273562631e-05,0.987968969971421,0.000386726448335687,0.14764772082785,0.0352531405894913,0.347705623098967,0.999995644056305,"ENSG00000247199.3",5,"ENSG00000247199"
-0.000160116728559233,0.890789637108984,-8.95501566285105e-05,0.716402411843071,0.0456595240435059,0.0970923418345564,0.999998395312844,"ENSG00000250155.1",5,"ENSG00000250155"
0.000264187833597092,0.823456602434666,-0.000345191175118939,0.188946336537324,0.0504297065265393,0.18382786297046,0.99999612137654,"ENSG00000249850.1",5,"ENSG00000249850"
0.00222254112076769,0.087484233755452,-0.000198905022217263,0.37180699005922,0.0312501217181005,0.1750115517683,0.999993544087104,"ENSG00000228212.1",5,"ENSG00000228212"
0.00191048696736927,0.180815007819021,-0.000219674678340397,0.333189361866556,0.026796119736183,0.231007036453185,0.999995462649012,"ENSG00000019582.14",5,"ENSG00000019582"
-0.000326414297474388,0.771392063561182,0.000314493955996194,0.209116861383035,0.0496886043307147,0.00225878323274952,0.999996383182824,"ENSG00000112902.11",5,"ENSG00000112902"
-0.00261718324263006,0.0896792113185055,-0.000136871612975769,0.561973728685449,0.0244918019996994,0.359244801858108,0.999994090707777,"ENSG00000197603.13",5,"ENSG00000197603"
-0.000566566977289851,0.749149434510941,-0.000249938813411079,0.308889993047889,0.022080494285946,0.507798594880211,0.999997106925886,"ENSG00000250159.6",5,"ENSG00000250159"
-0.0020263149627859,0.0670462817144683,-0.000162471557311211,0.542232492257514,0.0582224825305903,0.00763473015418551,0.999992746786319,"ENSG00000215246.5",5,"ENSG00000215246"
-0.00143480147433532,0.263173457090406,-8.44670157163511e-05,0.750742146899398,0.0436219939389239,0.207347963084608,0.999996845455332,"ENSG00000113749.7",5,"ENSG00000113749"
-0.00120749965406587,0.374602069919706,-0.000386772737015909,0.188804376548694,0.0481746740186499,0.223962329652161,0.999994023741207,"ENSG00000164327.12",5,"ENSG00000164327"
-0.00206102539054044,0.0704803706205082,-0.000652025085810594,0.00330959051979205,0.0392789335726748,0.130399333835332,0.999982433951434,"ENSG00000113763.10",5,"ENSG00000113763"
0.00194721422240285,0.0675020917612797,8.97610844469414e-05,0.723924848861515,0.0574020431161813,0.0909566804957821,0.999993977624195,"ENSG00000153922.10",5,"ENSG00000153922"
-0.0011009130480772,0.421018285381095,-0.000385156934906947,0.124904705034668,0.0351216644494661,0.24878231764788,0.99999469959343,"ENSG00000215156.5",5,"ENSG00000215156"
-0.00233055333788355,0.0448410294371216,7.2730063110141e-05,0.761093023104698,0.0429677034483924,0.0855186951280853,0.999992325265866,"ENSG00000164611.12",5,"ENSG00000164611"
0.00163536590614219,0.143311890349121,0.000135477692028748,0.56380194960434,0.0446125205760287,0.0783852047123204,0.999995175097699,"ENSG00000049167.13",5,"ENSG00000049167"
-0.00230174288115377,0.0731181740970254,-0.000218956236586107,0.263196447248333,0.0237239385308682,0.0946244210487072,0.999992385787798,"ENSG00000145685.13",5,"ENSG00000145685"
0.0021237331025404,0.0693069112042691,5.00725040349193e-05,0.821447663304766,0.0361955775676667,0.0547450112865666,0.999993950956034,"ENSG00000164294.13",5,"ENSG00000164294"
-8.48112553129195e-05,0.938847224860441,-0.000188323338043556,0.389834031395885,0.0394377100065553,0.0289639705059152,0.999997606501502,"ENSG00000082074.15",5,"ENSG00000082074"
0.00312437629620959,0.0655190861035527,0.000530243925584337,0.43067678320635,0.157195567545936,0.214692347778265,0.999993644235121,"ENSG00000185986.11",5,"ENSG00000185986"
-0.00021685234503608,0.851256801267587,6.7263702535248e-05,0.783294335600478,0.045348019659402,0.0883095092804818,0.999998470990074,"ENSG00000249352.4",5,"ENSG00000249352"
-0.00110326917445517,0.360280225271525,-0.000102318816097511,0.600724332834533,0.0264079782175493,0.026418786540329,0.999997101047244,"ENSG00000272057.1",5,"ENSG00000272057"
0.00178177098830866,0.143994087569661,0.00020674574826149,0.259587783103765,0.0238258669723664,0.229815385135369,0.999993809807021,"ENSG00000271874.1",5,"ENSG00000271874"
0.00169951049271147,0.229564057701998,0.000252013878309065,0.266928093582304,0.0276617012303635,0.400694373545999,0.999994435586298,"ENSG00000171604.11",5,"ENSG00000171604"
0.00297312605386157,0.0110265407718236,0.000319945575870715,0.182350185985145,0.0423371446309745,0.0521513096972887,0.99998763435758,"ENSG00000272525.1",5,"ENSG00000272525"
0.00257537582465257,0.00736972054035382,-4.86207090165165e-05,0.846020603396589,0.0679300502080686,0.0275680750017547,0.999988600494144,"ENSG00000131844.15",5,"ENSG00000131844"
-0.00171861022461651,0.114399739565808,0.000114824722623411,0.56718741551291,0.0340483650423641,0.0082018642466387,0.999995186774867,"ENSG00000049883.14",5,"ENSG00000049883"
-0.0011248229327172,0.417671483025691,0.000592932775904576,0.143750023950715,0.0859276893110882,0.237002549439555,0.999993566823423,"ENSG00000051596.9",5,"ENSG00000051596"
0.00403980106876231,0.0144614273904299,0.000459427530465305,0.0382971317443783,0.0201516080052263,0.309788251066576,0.999987183883921,"ENSG00000145723.16",5,"ENSG00000145723"
0.000626123991678571,0.688746356281894,-7.66909867192183e-05,0.775933439144818,0.0311083342883747,0.403669591399985,0.999998295085154,"ENSG00000151388.10",5,"ENSG00000151388"
-0.000714771790256902,0.538014864336441,-0.000258544957460437,0.228308719690396,0.034974135892076,0.115459835924182,0.999996215508223,"ENSG00000250961.1",5,"ENSG00000250961"
0.00157396779687831,0.189457323350594,0.000355699344196607,0.163151389190675,0.0457137010635632,0.105932392209906,0.999994965020162,"ENSG00000248663.6",5,"ENSG00000248663"
-0.000617698304529724,0.62000643705574,0.000144825810743766,0.623455829189524,0.056265631126688,0.0688025814028305,0.999998126224069,"ENSG00000245060.6",5,"ENSG00000245060"
0.00100803354607931,0.404394241395296,-0.000206589690676975,0.353968609183516,0.034079635589731,0.0216268426187812,0.99999566710752,"ENSG00000161055.3",5,"ENSG00000161055"
-0.00091767934888628,0.753054199580471,-0.000508819657768268,0.240011222510796,0.0319756636806614,0.699954015350249,0.999996586344641,"ENSG00000249109.1",5,"ENSG00000249109"
-5.14339674886523e-06,0.997883240528473,-0.000122230057769282,0.767824738403773,0.0530284855453473,0.488325005952288,0.999998473703304,"ENSG00000261037.1",5,"ENSG00000261037"
0.000316252141578032,0.700170711768562,0.000187884118869631,0.358995285432545,0.0623054086006702,0.0127622186619996,0.999997431063913,"ENSG00000132356.11",5,"ENSG00000132356"
-0.000465081943428656,0.696157463409642,-0.000200442488245897,0.422771871714402,0.0445115142229919,0.0783106519737919,0.999997291452312,"ENSG00000132357.13",5,"ENSG00000132357"
0.00101897092426512,0.429844748214548,0.000107042014662979,0.67858668270241,0.0406372031673227,0.114408497424988,0.999997068212659,"ENSG00000161010.14",5,"ENSG00000161010"
-0.00118362668841884,0.392205722773075,0.000176376799634927,0.480532248039359,0.0333045564155308,0.233090294845115,0.999997191800697,"ENSG00000164209.16",5,"ENSG00000164209"
-0.00508205286882625,0.0109454365891975,-0.00022265811619812,0.586098162019675,0.0419210193973175,0.293003132474322,0.999972367056375,"ENSG00000028310.17",5,"ENSG00000028310"
-0.00112286450431302,0.383334064718737,-7.60385461510829e-05,0.751155117880675,0.0357760581947122,0.17889695105612,0.999997437337042,"ENSG00000120137.6",5,"ENSG00000120137"
0.00241089105037742,0.1244502505973,-0.000580377916893821,0.0841210610269079,0.0475581579884429,0.192899082313955,0.999993709560599,"ENSG00000271795.1",5,"ENSG00000271795"
0.000435481008291192,0.741567299785668,1.65548034354121e-05,0.947546695682025,0.0370943616979593,0.16430216624483,0.999998470915683,"ENSG00000182132.13",5,"ENSG00000182132"
0.00117264659391047,0.400142640952512,-0.000160716428810299,0.565047215520339,0.0413312752322233,0.204952420828405,0.999997522359568,"ENSG00000113742.12",5,"ENSG00000113742"
-9.47289258590067e-05,0.954986592300752,-0.000342450080519778,0.311814554062742,0.0433017494604208,0.425224571353543,0.999997047516247,"ENSG00000271824.1",5,"ENSG00000271824"
-0.00198472641454514,0.222988183706625,-0.000178149599339774,0.545107909646452,0.0352269051141222,0.331891652368704,0.999996359877601,"ENSG00000145826.8",5,"ENSG00000145826"
0.00067514469571824,0.517067929132703,-0.000441368087228598,0.0445504635443143,0.0445690125303174,0.0103665176624772,0.999991906561214,"ENSG00000255833.1",5,"ENSG00000255833"
0.00250821159792251,0.0238660295427843,-0.000402204717493408,0.130363496690583,0.0573818673891304,0.00418854329925405,0.999990393272798,"ENSG00000043462.11",5,"ENSG00000043462"
0.000404195040779356,0.725461303831843,0.000268407603197033,0.284076388774237,0.0479434231045037,0.0922647881860733,0.99999680219307,"ENSG00000133835.14",5,"ENSG00000133835"
-0.00220422563981742,0.116349838471149,3.83287281374516e-05,0.887162195592475,0.0385885123316225,0.280640130312534,0.999995010520286,"ENSG00000196670.13",5,"ENSG00000196670"
0.00184058076571243,0.29672073843217,6.37525232801918e-05,0.837031934200804,0.0338760660213747,0.498481942002034,0.999996722504828,"ENSG00000164188.8",5,"ENSG00000164188"
-0.00165556437194954,0.394565826599067,4.02021925131931e-05,0.909616713071927,0.0373896794465463,0.423850145650496,0.999996747774154,"ENSG00000113595.14",5,"ENSG00000113595"
-1.41777094447446e-05,0.990540454817961,6.13112430287895e-05,0.747502146108839,0.0255203128403192,0.0225688394456393,0.999998480652766,"ENSG00000039123.15",5,"ENSG00000039123"
-0.00189667851553822,0.0505582341210236,-0.0004751408295642,0.0409931158383649,0.0587072930634586,0.118797838654903,0.999990024464824,"ENSG00000145817.16",5,"ENSG00000145817"
0.003337392408824,0.0354813042839336,-0.00018802892944227,0.550087939687098,0.0407675957852701,0.425423574954345,0.999992168998019,"ENSG00000058729.10",5,"ENSG00000058729"
0.000860393191891355,0.56696435950575,-0.000335315189363416,0.139110595526838,0.023818761289515,0.190213343887026,0.999994158264177,"ENSG00000120322.3",5,"ENSG00000120322"
-0.00119132835669164,0.266735645307586,0.000102019787747801,0.652694916921894,0.0466673256952592,0.258537587378212,0.999996437212521,"ENSG00000250662.1",5,"ENSG00000250662"
0.00139413043095891,0.0758006559266946,-0.000586769538295797,0.0115580308356893,0.087629982328691,0.00326719710712518,0.999983467550722,"ENSG00000120705.12",5,"ENSG00000120705"
-0.00141593633375036,0.216199624123869,-0.000115118473865875,0.540617325558958,0.0272350586364764,0.0323639650108244,0.999995551194794,"ENSG00000113648.16",5,"ENSG00000113648"
-0.00156475900581348,0.156829764771683,-0.000118539178172484,0.624531034294706,0.0484541463747585,0.0861325657667467,0.999995151494219,"ENSG00000184349.12",5,"ENSG00000184349"
-0.00248263205663099,0.0463665502648637,4.59225821952731e-05,0.846928060883151,0.037069443174953,0.123612194162238,0.999992349273144,"ENSG00000145725.19",5,"ENSG00000145725"
0.0096610341470064,0.112900258398868,0.000684687937047173,0.0166685455127445,0.0067097453950071,0.73924503086747,0.999969436425051,"ENSG00000251141.5",5,"ENSG00000251141"
0.0293251245514727,5.10159130910575e-05,0.000548690923965162,0.0784583363095412,0.00362558868435586,0.783131780110921,0.999914151029915,"ENSG00000224993.3",5,"ENSG00000224993"
0.00062026091217602,0.596664378907833,-0.000151567161565747,0.445492106192817,0.0292252541049724,0.0606055461166353,0.999997356386643,"ENSG00000168621.14",5,"ENSG00000168621"
-0.00228007075017049,0.156720838207854,0.000174928961000426,0.531657758756452,0.0319910262954683,0.416093035083075,0.999995383308151,"ENSG00000155506.16",5,"ENSG00000155506"
-0.00200254488700996,0.050778171506174,-7.42626773450522e-05,0.733313885223331,0.0452803037506986,0.0141000397766006,0.999993260453172,"ENSG00000145623.12",5,"ENSG00000145623"
0.00128141070042564,0.344632517692071,0.000168433442042533,0.45669601717505,0.0288176595767901,0.190956254777279,0.999996699654232,"ENSG00000236882.7",5,"ENSG00000236882"
-0.000344602701722613,0.809264242416112,-6.83775893718685e-06,0.97879245626885,0.0352674191213109,0.298513448783569,0.999998537087161,"ENSG00000170085.17",5,"ENSG00000170085"
-0.000224863731756378,0.857590023009122,8.65901257951183e-05,0.768287921492518,0.0558349900996635,0.190589939687434,0.999998487745217,"ENSG00000175449.13",5,"ENSG00000175449"
-6.20192624736172e-05,0.963884139379833,0.000358630729584387,0.158310151311489,0.0352025226086667,0.196967730300116,0.999995714275017,"ENSG00000214485.6",5,"ENSG00000214485"
-0.00125513187517192,0.303332344780656,-2.74755760474328e-05,0.901392747752273,0.033154217600729,0.0188742396089131,0.999997131316286,"ENSG00000251675.1",5,"ENSG00000251675"
-0.000668789086025151,0.596215223516713,0.000255131435029337,0.229471844619837,0.0286327923523729,0.060410121956425,0.999996429732631,"ENSG00000244061.1",5,"ENSG00000244061"
0.00127539397902567,0.449912792431723,-0.000271047346855526,0.372963314179909,0.0340136741171364,0.418285536466831,0.999997181951728,"ENSG00000242110.7",5,"ENSG00000242110"
-0.00359154943808037,0.00157513531946426,0.000531868643044931,0.0233145328645435,0.0429116859328764,0.055018542406982,0.999981724114558,"ENSG00000253921.1",5,"ENSG00000253921"
-0.000182111842161368,0.887271125767046,-0.000204916590602748,0.387086855305383,0.0344391791214031,0.104577533576258,0.999997346795488,"ENSG00000155850.7",5,"ENSG00000155850"
0.00233295064342888,0.0445509640898216,-6.40487081095193e-05,0.765907484609681,0.0351598409175255,0.12006104307067,0.999992894979657,"ENSG00000205279.8",5,"ENSG00000205279"
-0.000772414550780309,0.562648364099341,-2.67154920598704e-05,0.89787502869189,0.0255118421816663,0.164237934357259,0.999998132009909,"ENSG00000178913.7",5,"ENSG00000178913"
0.000408117296959964,0.733087072594407,-0.000151388254189589,0.494634384003508,0.0348263553546745,0.0803558946080319,0.999997818183456,"ENSG00000113209.8",5,"ENSG00000113209"
0.000531563509343816,0.65382127832143,0.000232083522565769,0.290628775082059,0.0345484175377892,0.0274218179975743,0.99999610595953,"ENSG00000253159.2",5,"ENSG00000253159"
0.00143970579196393,0.195584504040558,1.89406896474572e-05,0.935071699170599,0.0439804301913417,0.0465122137292032,0.999995965739922,"ENSG00000262096.2",5,"ENSG00000262096"
0.00101641877937998,0.366199211471765,-8.92773739207059e-05,0.705007841447332,0.0440904024957051,0.0212096825086359,0.999997476449768,"ENSG00000262576.2",5,"ENSG00000262576"
0.00189697326656009,0.149835594837981,-5.70036201610399e-05,0.811253200341308,0.0341106347645312,0.171282283479824,0.999995648219032,"ENSG00000254221.2",5,"ENSG00000254221"
-0.00345862253935073,0.00456787707908781,7.38352421280821e-05,0.757500999600716,0.0386078761182512,0.0219587308091605,0.999987418639291,"ENSG00000197479.6",5,"ENSG00000197479"
-0.00203329083491699,0.106975586619876,0.000330037764359346,0.153540372256952,0.033993889331291,0.102974585322762,0.999993316979466,"ENSG00000170549.3",5,"ENSG00000170549"
0.00337987993578445,0.0186735492013581,-0.00019611316488359,0.34684179971991,0.0230165814192851,0.323587241487494,0.999989064335751,"ENSG00000248610.1",5,"ENSG00000248610"
0.000760159216029572,0.604678609181601,-4.697790970322e-05,0.859711500557103,0.0348880792479289,0.269402288750138,0.999998135399629,"ENSG00000124275.14",5,"ENSG00000124275"
0.00157326931752736,0.274176961272066,-0.00017119143142524,0.50452152055829,0.0331593336132668,0.246979587390066,0.99999637152054,"ENSG00000164587.11",5,"ENSG00000164587"
-0.000764377399373611,0.581750035064688,0.00027198972874807,0.194174796630536,0.0249499969460558,0.251830787026884,0.99999607551249,"ENSG00000272389.1",5,"ENSG00000272389"
-0.000619415985133503,0.653522670085767,0.000163451581858152,0.504237391732202,0.0323600380022753,0.221537100703611,0.999997697193459,"ENSG00000241907.1",5,"ENSG00000241907"
-0.000257833174429041,0.830485324118463,0.000199311363517908,0.416696109384367,0.0422075470912937,0.158174320824218,0.999997685580091,"ENSG00000171992.12",5,"ENSG00000171992"
-0.00354525074448362,0.000997258378716324,-0.000207769838386586,0.407290868669979,0.0547804568426095,0.074425769233759,0.999982232648248,"ENSG00000170464.9",5,"ENSG00000170464"
-0.000135785118319121,0.943373593657882,0.000105036570154943,0.674539069240409,0.0207701157984789,0.490362504921307,0.999998374910349,"ENSG00000245146.6",5,"ENSG00000245146"
-0.000158414268623621,0.895774547657258,-8.53445126371228e-07,0.997182583000422,0.0413616525851005,0.147568431492774,0.999998599417841,"ENSG00000015479.18",5,"ENSG00000015479"
0.00489185519527806,0.0110344868164984,-0.000332938483778686,0.313480264442041,0.031541454623002,0.669806510153958,0.999988341132225,"ENSG00000146005.3",5,"ENSG00000146005"
-0.00272267656481078,0.0710223779417213,0.000604626367536715,0.05694231425724,0.0466658180562324,0.278975489758327,0.999991463229988,"ENSG00000251409.1",5,"ENSG00000251409"
0.000973344646595887,0.496927676168496,0.000250936848833489,0.397232675498921,0.0441652138113722,0.289165561201138,0.999997323578011,"ENSG00000251667.1",5,"ENSG00000251667"
-0.000238720067240821,0.854259201308952,3.22655768551762e-05,0.900195458939242,0.039609749259991,0.0735538826627019,0.999998535852499,"ENSG00000251623.1",5,"ENSG00000251623"
-0.0024338089102894,0.0875743580002755,5.21155417485486e-05,0.851196997500565,0.0487956382218925,0.167426576117966,0.99999330651717,"ENSG00000271781.1",5,"ENSG00000271781"
-0.00860443606655771,3.59059151670503e-14,-0.00017480507639666,0.441508248251683,0.0404391361375062,0.0138286822689293,0.999915539033329,"ENSG00000145494.11",5,"ENSG00000145494"
-0.000316243821249071,0.808516899527727,7.13399932600183e-05,0.784314529241593,0.0403307407903148,0.189421176664563,0.999998396862552,"ENSG00000259757.1",5,"ENSG00000259757"
-0.00150129239350672,0.176080132296935,0.000177148807577402,0.459665156980576,0.0472348334605674,0.142398230187516,0.999995870501244,"ENSG00000242477.1",5,"ENSG00000242477"
0.00303831278794397,0.199406104290525,-0.000495177969150116,0.0334243155370879,0.0139122821626001,0.536835539112225,0.999989783467111,"ENSG00000120727.12",5,"ENSG00000120727"
-0.00100471717689282,0.306289105468255,3.10649547021009e-05,0.871330409499161,0.0384829429473639,0.0380321405278116,0.999997169177032,"ENSG00000281398.2",5,"ENSG00000281398"
0.000645470011506482,0.553838698536289,-6.8799927619447e-05,0.74412750219974,0.0377815837331245,0.0466632823008575,0.999998007446527,"ENSG00000134352.19",5,"ENSG00000134352"
0.000120006402277307,0.920044175769278,0.000223954482678613,0.288269829052751,0.0325150162940125,0.0373713043962925,0.999997031707102,"ENSG00000176049.15",5,"ENSG00000176049"
-0.00137590682124604,0.321022615138887,-0.000282241378152707,0.352177194128893,0.0505215929745087,0.342795999437817,0.999996073858431,"ENSG00000173926.5",5,"ENSG00000173926"
-0.000345968768456753,0.799266288429376,-5.62972819833055e-05,0.824380560426203,0.0360898889514992,0.130259540767481,0.999998486316114,"ENSG00000249740.2",5,"ENSG00000249740"
-0.00105135622224347,0.500197186331424,-0.00072660585826396,0.0125321770617063,0.0362004099923175,0.380082454014965,0.999986856449241,"ENSG00000250629.1",5,"ENSG00000250629"
0.00159824243863029,0.148187745984162,-0.000452909376768068,0.0541611291062493,0.0455601197875097,0.047759935570264,0.999991122938172,"ENSG00000250853.1",5,"ENSG00000250853"
-0.00163370444980427,0.18152794881189,-9.47123522028403e-05,0.723984151476825,0.0486863417246998,0.100184418657625,0.999996130907173,"ENSG00000185296.8",5,"ENSG00000185296"
-0.000460876573706751,0.780990566267626,-0.000124695028813396,0.567132780210515,0.0206219809078851,0.399824545360839,0.999998056162944,"ENSG00000113108.19",5,"ENSG00000113108"
0.00361027573797093,0.0179332181332907,-0.00053402559089304,0.0305823654921192,0.0273971489781053,0.337471517321896,0.999983940265943,"ENSG00000172568.4",5,"ENSG00000172568"
0.00160146301164564,0.194326939754396,0.000158355948879704,0.475337469954943,0.0351320039687353,0.134599802201544,0.999995377715751,"ENSG00000113615.12",5,"ENSG00000113615"
-0.00131264489877794,0.419372116471195,-0.000311765193232361,0.461809356658775,0.0700349768843091,0.449519009851143,0.99999654914438,"ENSG00000164615.4",5,"ENSG00000164615"
-0.000213568852438655,0.904861886522915,0.000191397501065492,0.564502489987156,0.0393221276310667,0.499585965341038,0.999998164593069,"ENSG00000247796.2",5,"ENSG00000247796"
0.00168449482302443,0.108033481216069,-8.73376159618042e-05,0.712399243415395,0.0529934364233165,0.212948205209243,0.999994893338825,"ENSG00000272234.1",5,"ENSG00000272234"
0.0030302539491874,0.00619082427468854,-8.4771883658942e-05,0.72174707289646,0.0463890145373715,0.0138028945071245,0.999988258455769,"ENSG00000241809.1",5,"ENSG00000241809"
-0.00320959858182841,0.0231988645328876,-0.000381733066693532,0.0934754885326435,0.0295208486280729,0.411290798845487,0.999981761495768,"ENSG00000279557.1",5,"ENSG00000279557"
-0.000429331437515458,0.750657992283423,0.000487525800666984,0.0593058075118759,0.0376519396589255,0.277463423054259,0.999993722663291,"ENSG00000154153.13",5,"ENSG00000154153"
0.000700168667465339,0.576637085165963,0.000117376372850343,0.670478100770678,0.0489175904169847,0.0754667746932838,0.999998129396817,"ENSG00000176788.8",5,"ENSG00000176788"
0.00104250651697601,0.555430766966114,-0.000125748029860919,0.678353533986202,0.0325093054465802,0.501001735280705,0.999997865724286,"ENSG00000145700.9",5,"ENSG00000145700"
-0.000970712062354576,0.499519773725544,0.000630369122356156,0.0762597556761645,0.0631855873685799,0.336137222239137,0.999994250091217,"ENSG00000251023.1",5,"ENSG00000251023"
0.000605910119981638,0.642088991834495,6.95803866039054e-05,0.774152517853482,0.0362667662151539,0.194639542571842,0.999998247773467,"ENSG00000249899.5",5,"ENSG00000249899"
0.000373589040564341,0.765806392461168,2.58043117686041e-05,0.916542742540986,0.0396810544874828,0.185413508062725,0.99999849157733,"ENSG00000248596.7",5,"ENSG00000248596"
0.00091644669836996,0.551530872873912,-0.000205330282998829,0.338298141030321,0.0206149763305377,0.323938342901765,0.999996777422787,"ENSG00000182836.9",5,"ENSG00000182836"
-0.000379393923202135,0.766388782843515,-0.000176680437273069,0.385275717048304,0.0264772133439562,0.15964381191746,0.999997323903698,"ENSG00000185261.14",5,"ENSG00000185261"
-0.00073900519418226,0.59279421191722,-1.68274774532527e-05,0.949965518286312,0.0378789981575304,0.0615723320649064,0.999998042294204,"ENSG00000132570.14",5,"ENSG00000132570"
0.00148019301715519,0.36538238499526,-0.000977580453745858,0.00339203762560817,0.0448391491909186,0.363175213490734,0.999986531630576,"ENSG00000145824.12",5,"ENSG00000145824"
0.00228902698310604,0.0774171322957984,0.000484417792249287,0.0451202816799102,0.0367224878302023,0.157582328501545,0.999990804348495,"ENSG00000270177.1",5,"ENSG00000270177"
0.00097507895981598,0.490874886109329,-0.00031040106784775,0.123486177732153,0.0217396476548924,0.213750118337656,0.999994491094373,"ENSG00000228672.3",5,"ENSG00000228672"
-0.0013654011735736,0.22231172051869,-0.000531299553449906,0.0222206946145044,0.0432445202075872,0.0327909232787997,0.999988093767131,"ENSG00000254042.1",5,"ENSG00000254042"
-0.000406538632867998,0.826823663657628,-2.16515011205581e-06,0.995980163449595,0.0545740786929561,0.521258448880567,0.999998541648647,"ENSG00000248367.1",5,"ENSG00000248367"
-0.00144101637681918,0.302310255163204,-0.000373263452441528,0.152339473425203,0.0358129509297184,0.155329932278579,0.999995404548068,"ENSG00000222448.1",5,"ENSG00000222448"
-0.000941219808668851,0.42218628534478,-8.83456694875316e-05,0.690280553866502,0.0359619613822753,0.0182777386374725,0.999997531030694,"ENSG00000229666.1",5,"ENSG00000229666"
-0.00116555173219208,0.341877548879288,0.000177695189875228,0.484405460342675,0.0445010519058322,0.237427995825963,0.999997102680957,"ENSG00000120729.9",5,"ENSG00000120729"
-0.000178601493212313,0.876254815499034,-0.000541339527380564,0.0122098085505252,0.0356767280071322,0.0276688717142691,0.999989941300122,"ENSG00000082068.8",5,"ENSG00000082068"
-0.00170683400355292,0.099751059103114,-7.11511089406916e-05,0.694859434987522,0.0310679416587434,0.094634795588745,0.999994714660167,"ENSG00000249984.1",5,"ENSG00000249984"
0.00259768944422884,0.0046726667803207,-0.000163952801480414,0.522988167555793,0.0794636208184656,0.242875869058694,0.99998684006936,"ENSG00000158987.20",5,"ENSG00000158987"
-0.000291558484016735,0.817836173414294,4.43714267810546e-05,0.869898636925995,0.0470582679206887,0.182782566551475,0.999998432546219,"ENSG00000280336.1",5,"ENSG00000280336"
-0.00267960087402391,0.0743469101965142,0.00040822400925184,0.12659867019938,0.0326869933522821,0.363919496148335,0.999991896118632,"ENSG00000164300.16",5,"ENSG00000164300"
0.000441333125075733,0.74821146252413,-0.000112772872315134,0.710320365862823,0.0507080518181689,0.232969140517325,0.999998353905789,"ENSG00000248150.1",5,"ENSG00000248150"
0.00108758998498638,0.394962016464276,1.34916610028137e-05,0.95256882092918,0.0316024931639524,0.0363170790585992,0.99999744608897,"ENSG00000131507.10",5,"ENSG00000131507"
0.00215481472165567,0.0734863103237599,0.000179619560172631,0.412368489513498,0.0334703284671426,0.0810037935892934,0.999993600888676,"ENSG00000124279.11",5,"ENSG00000124279"
-0.00511947552768341,0.00990487902104845,0.000155758360563269,0.711884661441679,0.0478535599550914,0.426841248509554,0.999985604266909,"ENSG00000188242.4",5,"ENSG00000188242"
0.00057484660014496,0.691981418950097,0.000328750345614349,0.26827341991154,0.0429875102887345,0.302725179852083,0.999996171602539,"ENSG00000132915.10",5,"ENSG00000132915"
-0.000647343573320593,0.621091030567286,0.000170668599973128,0.501194647090981,0.0391200720242061,0.298155340033534,0.999997465942399,"ENSG00000083720.12",5,"ENSG00000083720"
0.000347145753171858,0.771870589172121,0.000189407142694234,0.401042144155325,0.035543617733983,0.0145428596781211,0.999997653533419,"ENSG00000154124.4",5,"ENSG00000154124"
0.0019899518543949,0.136644389057896,0.000453223044089561,0.0778313327435384,0.0381902057201547,0.256474888355488,0.999991646034405,"ENSG00000181751.9",5,"ENSG00000181751"
-0.00157024385715002,0.44202401138305,-0.000598562511309038,0.151799052694674,0.0443366511922467,0.627455260682493,0.999994648601679,"ENSG00000272347.1",5,"ENSG00000272347"
-0.00359228737698013,0.00785692439360088,0.000414109594955618,0.0737604795826551,0.0308401073471736,0.140691751687439,0.999984706657487,"ENSG00000145911.5",5,"ENSG00000145911"
-0.00111259599117731,0.409671283579259,0.000104080971113367,0.721933166136653,0.0479214137810887,0.251893237778687,0.99999723618945,"ENSG00000250329.1",5,"ENSG00000250329"
-0.00192393104748717,0.163116323935898,0.000440692862567226,0.0643405113246567,0.0306110258998796,0.108418727349201,0.999993246030255,"ENSG00000131183.10",5,"ENSG00000131183"
0.000624857598475547,0.601556819945379,0.000282706189793453,0.219247083736058,0.0372895626546615,0.0878888343219156,0.999996123252256,"ENSG00000240376.1",5,"ENSG00000240376"
0.00113512108692883,0.361486743160386,1.06085737671285e-06,0.996063116368544,0.0309991464509436,0.122565170824749,0.999997424888416,"ENSG00000250237.1",5,"ENSG00000250237"
0.00081044288585846,0.253062602165197,-0.000415365108831949,0.108180035433337,0.133173391398686,0.0333535369289838,0.999994608677442,"ENSG00000183474.15",5,"ENSG00000183474"
-0.00274716243929192,0.0809858143538643,-0.000160067274372417,0.579337571183612,0.0379626836576311,0.401150671168146,0.999992981583539,"ENSG00000081059.19",5,"ENSG00000081059"
-0.00194656219043476,0.0696562610052334,-0.00014756670861253,0.553383991344327,0.0538514019501748,0.00194481773173446,0.999992855632966,"ENSG00000145907.14",5,"ENSG00000145907"
-0.00139330287165546,0.440848383850333,-0.000382614252144596,0.326211810226498,0.0467710650826699,0.34031865317592,0.999992918744925,"ENSG00000175471.19",5,"ENSG00000175471"
0.000966533227695125,0.544147900661201,0.000163810330871846,0.468495193980794,0.0220184566470535,0.440103401536776,0.999996655261461,"ENSG00000081842.17",5,"ENSG00000081842"
0.00262052222164847,0.0168123123108307,4.60493692092627e-05,0.854179683499268,0.0528794969508108,0.107875357203763,0.999989473301028,"ENSG00000250069.1",5,"ENSG00000250069"
0.000417647080522458,0.724591817251601,0.000377031737380955,0.105985342545039,0.0399410336758238,0.250862327831033,0.999994179049867,"ENSG00000120314.18",5,"ENSG00000120314"
-0.000517972092168178,0.593170281235421,-0.0002440539596737,0.333832878467911,0.069588630408458,0.220384776134116,0.999996059571748,"ENSG00000112851.14",5,"ENSG00000112851"
-0.00177951788401465,0.0987339191251875,0.000441672910161507,0.0429126257838396,0.0410209695207926,0.015698403562682,0.999988691921248,"ENSG00000232633.4",5,"ENSG00000232633"
0.00269572773365164,0.0586501797938604,0.000754384564381694,0.0109069067281768,0.0450731828974843,0.318068134232641,0.999985919152467,"ENSG00000164509.13",5,"ENSG00000164509"
0.00069019753059098,0.632265620685951,-0.000653707982198074,0.0151938794346049,0.0388815039331464,0.311709983211766,0.99999007571932,"ENSG00000164512.17",5,"ENSG00000164512"
0.00152870843703663,0.297733859836083,-0.000430074752270818,0.121308695884084,0.0373817806323785,0.315632068844866,0.99999406101467,"ENSG00000119048.7",5,"ENSG00000119048"
-0.00106110010955879,0.372688653868621,-6.56583591528351e-05,0.782714140811435,0.0404123195194864,0.0454431926731271,0.99999704034124,"ENSG00000164406.7",5,"ENSG00000164406"
0.00139540746667535,0.186941032035284,4.4014264855159e-05,0.853554814814657,0.0528499695981038,0.0774375494431858,0.999995879792824,"ENSG00000251169.2",5,"ENSG00000251169"
-0.000892552558487254,0.399505707759518,-0.00032045676110975,0.15142934382212,0.0445851914208351,0.0236851747648242,0.999994335587435,"ENSG00000164244.20",5,"ENSG00000164244"
-0.00250325207377251,0.0484413045091371,-0.00059111250602713,0.034016969919476,0.0496009969955086,0.210570317127956,0.999988057968202,"ENSG00000249669.9",5,"ENSG00000249669"
-0.00220491179190989,0.185967129899914,-0.000373176206816475,0.229781256987786,0.0369841894846394,0.450185255644188,0.999994803100852,"ENSG00000152620.12",5,"ENSG00000152620"
0.000755342431227787,0.511726290229595,-0.000189605672349677,0.481092638188671,0.0548773668271636,0.0927487820208379,0.99999734628185,"ENSG00000113407.13",5,"ENSG00000113407"
-0.00265990586963455,0.0554183726956142,-0.000473229268874675,0.0658736689095842,0.0349350727642979,0.29014524448816,0.999989138334835,"ENSG00000249364.5",5,"ENSG00000249364"
0.00374011880040086,0.0140248716999374,-0.00023655254865817,0.448596766654009,0.0435657267022243,0.332778420976306,0.999989729372216,"ENSG00000253485.2",5,"ENSG00000253485"
1.26774327469567e-05,0.991945818147283,0.000287301042721354,0.211672608776962,0.0344492344456294,0.138222534059213,0.999996477527247,"ENSG00000253910.2",5,"ENSG00000253910"
-0.000629673927999613,0.668676559843164,0.000770527346905993,0.0194018328003025,0.0505115970645035,0.17299264674922,0.99998546340838,"ENSG00000120318.15",5,"ENSG00000120318"
-0.000490725757843749,0.752387674124129,-0.000118138366184958,0.650347851781742,0.0310118418022858,0.38411168811066,0.99999825084891,"ENSG00000153006.15",5,"ENSG00000153006"
0.00100853168757981,0.390049861012143,0.000285539945942737,0.189872279874471,0.0345397523317367,0.0150094497172703,0.999995236581821,"ENSG00000164283.12",5,"ENSG00000164283"
-0.00122234207180462,0.241380361541367,7.31007414881741e-05,0.744055024180371,0.0465106978678055,0.0455379913945367,0.999996714662165,"ENSG00000249776.5",5,"ENSG00000249776"
0.000762228875394487,0.554766549716952,-0.000126980246616749,0.61307134216467,0.0397835947813611,0.169429283218958,0.999997834215093,"ENSG00000196923.13",5,"ENSG00000196923"
0.000814620929555574,0.504545275576269,7.59455495822944e-05,0.751179023718262,0.0389478243866594,0.0630662565957346,0.999997851191958,"ENSG00000013561.17",5,"ENSG00000013561"
-0.00136189937206465,0.320866027998795,-0.000295027954515494,0.316303171821551,0.0469470905835425,0.299047399999758,0.999996053847711,"ENSG00000134986.13",5,"ENSG00000134986"
-0.000248520720616904,0.859372558935854,0.000369541314334612,0.208205881265453,0.044265413382628,0.136115290195634,0.999995117469285,"ENSG00000261269.1",5,"ENSG00000261269"
-0.000699558042728803,0.762273871345103,0.000347560001136571,0.404409743586375,0.0348962159197518,0.672598087613424,0.99999765684395,"ENSG00000145555.14",5,"ENSG00000145555"
-0.0012224790391596,0.359512142775457,-0.00028040919655543,0.262988711838981,0.0364728157451077,0.208585128492992,0.999995568727237,"ENSG00000145934.16",5,"ENSG00000145934"
-0.000530663897567253,0.783084608130187,-0.000109946114642087,0.613251451860522,0.0152633735581082,0.400781433260003,0.999998237612191,"ENSG00000127184.12",5,"ENSG00000127184"
0.000773855726408888,0.519890262412073,0.000294653040484888,0.200134872927928,0.0366760789835001,0.0205059846845282,0.999994167284299,"ENSG00000154122.12",5,"ENSG00000154122"
-5.09129963331575e-06,0.996914566600311,-4.39178601785585e-05,0.859285546449996,0.0391578555825932,0.100107959062456,0.999998576543443,"ENSG00000131459.12",5,"ENSG00000131459"
-0.00181357631329635,0.113379312919019,6.84631820139355e-06,0.97902073806299,0.0517963027769804,0.0418101806399335,0.99999502376195,"ENSG00000215218.3",5,"ENSG00000215218"
0.0022350827639081,0.069560753396476,-0.000128595995859505,0.529869997299944,0.0286269959668601,0.200720472510544,0.999993388330281,"ENSG00000278921.2",5,"ENSG00000278921"
-0.000958439983821744,0.626875794256014,-0.000116986527337251,0.769789580628354,0.0487605863533484,0.57085684933691,0.999998181796514,"ENSG00000279908.1",5,"ENSG00000279908"
-0.00395750528834322,0.0012129990890376,-0.000113802986456428,0.624192927441817,0.0363501816551578,0.241992648411559,0.999983744655182,"ENSG00000238000.1",5,"ENSG00000238000"
-0.00200521402987393,0.151171239169904,0.000310391153953759,0.171354480554232,0.0275636863813403,0.297532415388394,0.99999171865908,"ENSG00000153071.14",5,"ENSG00000153071"
0.00157397979280731,0.19046670965631,-0.000232911659444546,0.231625257692475,0.0279819496375597,0.13772301634762,0.99999465183004,"ENSG00000244073.1",5,"ENSG00000244073"
-0.0046413029469236,4.40527285486444e-10,-0.000261027449347846,0.201979866274038,0.0756490857563799,0.00108254654842845,0.999943960827812,"ENSG00000248554.1",5,"ENSG00000248554"
0.000672249596307895,0.627787519527003,0.000342283075901736,0.246985713591281,0.0472155375532423,0.279977853900415,0.999995819070912,"ENSG00000155511.17",5,"ENSG00000155511"
0.00202456539040167,0.332625550609348,-0.000139206428871769,0.724149967402057,0.0365524695237009,0.673941306767542,0.999997024142189,"ENSG00000164236.11",5,"ENSG00000164236"
-0.00250144366322141,0.126284133512629,0.000282910926200867,0.31632128351443,0.0333258636201673,0.399405318707531,0.999994214230311,"ENSG00000277619.1",5,"ENSG00000277619"
-0.00109152852516043,0.449779589485105,-0.000368380656117111,0.183189947831169,0.0384353631751117,0.346160591662305,0.999995421708364,"ENSG00000249082.2",5,"ENSG00000249082"
-0.00117407232170914,0.37561406899042,-0.00054676361131334,0.0393852863604973,0.0424702122944121,0.243350437509352,0.999986715447486,"ENSG00000113597.17",5,"ENSG00000113597"
0.00146093149897702,0.275113868073448,-4.52555563477104e-05,0.856653640469559,0.0359484657669757,0.225660623063002,0.999996869941242,"ENSG00000250156.3",5,"ENSG00000250156"
-0.000612894786118461,0.614657565271021,0.000224984478232702,0.342151042505036,0.0392924991336649,0.166378135279178,0.999996806684816,"ENSG00000183580.9",5,"ENSG00000183580"
-0.000706396502712833,0.61239665064438,-0.000190466527922298,0.494900552498021,0.0406720532430742,0.151286778909641,0.999996854906681,"ENSG00000214357.8",5,"ENSG00000214357"
-0.00229784929235721,0.103323646120811,0.00031479976353762,0.227111350642278,0.0375871689372966,0.271596552624076,0.999993351629584,"ENSG00000145721.11",5,"ENSG00000145721"
-0.00096006880828721,0.193850829539451,-0.000451464447052361,0.0274820074381764,0.0768996552251503,0.0154595582993471,0.999990814601874,"ENSG00000245526.10",5,"ENSG00000245526"
-0.00370688360962021,0.0213151903418934,-0.00201183539648872,0.0225845328407473,0.300384172405242,0.116714208332771,0.999989800142777,"ENSG00000172058.15",5,"ENSG00000172058"
0.00198401798243255,0.245724813436414,1.85314036534973e-05,0.932957018991422,0.0184898267068994,0.440916735841532,0.999996469431943,"ENSG00000164326.4",5,"ENSG00000164326"
-0.00164766606684042,0.134415120071294,0.000104828485139839,0.626962750708343,0.0388265590622815,0.0541949806112516,0.999994894121998,"ENSG00000170584.10",5,"ENSG00000170584"
-0.00977833869458476,0.00443192939251708,0.000737949022105755,0.000936736695519433,0.0064161251335377,0.638229717478625,0.999953179612721,"ENSG00000112996.10",5,"ENSG00000112996"
-0.00500174954083242,0.000459711697216514,0.000199252521376369,0.474069175582024,0.0379041005035231,0.223660839509791,0.999976642887013,"ENSG00000205571.13",5,"ENSG00000205571"
-0.000454348475473363,0.702871277136834,0.000449349209032339,0.0111530053910515,0.0221045154324213,0.00112935803804816,0.999988526281099,"ENSG00000244363.3",5,"ENSG00000244363"
0.00232219640192408,0.00916200389462103,0.000705424202274629,0.00102470433726881,0.0582339349849883,0.0419867975982159,0.999976067446412,"ENSG00000120725.12",5,"ENSG00000120725"
0.00169558771796701,0.244896328679991,-8.5966680191392e-05,0.774039185924426,0.0439356755694501,0.331809897304771,0.999996663312269,"ENSG00000183718.5",5,"ENSG00000183718"
-0.000629719066718607,0.584960171118868,0.000114743966254725,0.603784765663318,0.037398497374897,0.111177861879326,0.999997577514652,"ENSG00000253767.2",5,"ENSG00000253767"
-0.000429618159651903,0.719113240211284,4.72515839749766e-05,0.837341882730335,0.0376597115750091,0.134898137478353,0.999998392095449,"ENSG00000234602.7",5,"ENSG00000234602"
0.000116507408303518,0.911196273478698,0.000195838569209976,0.444186778694858,0.0602706760720843,0.0291878353358343,0.999997802341563,"ENSG00000086189.9",5,"ENSG00000086189"
0.000341789420382753,0.799990397124289,-0.000483502785956079,0.0679259392691338,0.0400780175090498,0.263341475467177,0.999994035683268,"ENSG00000113387.11",5,"ENSG00000113387"
1.66892575299197e-05,0.990775695333884,-2.31136899559271e-05,0.933201349675885,0.038001393401539,0.23892923454776,0.999998611611819,"ENSG00000213757.3",5,"ENSG00000213757"
0.000129956806075063,0.919639806440022,0.000175582533263671,0.468113283867964,0.036447101185251,0.188064606349889,0.99999789938095,"ENSG00000155329.11",5,"ENSG00000155329"
0.00134626003340231,0.271958414030135,-0.000314409044178211,0.214148149396282,0.0430221258079977,0.0831880752579542,0.999993529818451,"ENSG00000250056.5",5,"ENSG00000250056"
-0.000280717100808176,0.800717125184659,-8.89496718510221e-05,0.691013542476126,0.0406858216740085,0.0456195376332941,0.999998274155094,"ENSG00000253522.5",5,"ENSG00000253522"
0.000586052128334643,0.624244262608347,-0.000451403747011352,0.0356331180807582,0.0323161635959638,0.0231706068285223,0.999992541149919,"ENSG00000070814.17",5,"ENSG00000070814"
-0.00184396805132069,0.168309109551743,-0.000259880207918853,0.324802970074273,0.0400284655241821,0.259025211668289,0.999994211301944,"ENSG00000169252.5",5,"ENSG00000169252"
-0.00122786626197521,0.289360396938616,-0.000308732529845879,0.200031655514841,0.043843056810204,0.1040460923395,0.999993216089277,"ENSG00000233937.6",5,"ENSG00000233937"
-0.000282839057149646,0.796370795321752,0.000253434448239198,0.319155868976451,0.0545549225111642,0.125438586498751,0.999997249584384,"ENSG00000213430.6",5,"ENSG00000213430"
0.00149390497204084,0.462228192614404,0.000493580884873959,0.160676627303083,0.03193370816557,0.475114940896694,0.999995824559256,"ENSG00000254893.5",5,"ENSG00000254893"
0.0026207197250326,0.0262187167744461,-0.000313943829026503,0.118152724513986,0.0291198902794454,0.0101394339984647,0.999989756308054,"ENSG00000238363.1",5,"ENSG00000238363"
-0.0020620168533031,0.0584424547556324,-0.000130570822547506,0.566936645580822,0.043875500816495,0.0150014120615851,0.999991753021557,"ENSG00000224032.6",5,"ENSG00000224032"
0.00151587983000976,0.273570696417579,3.55656987233002e-05,0.900731638757408,0.044730327739609,0.363454363232909,0.999996866573175,"ENSG00000145794.16",5,"ENSG00000145794"
0.000482773055595091,0.65341690562072,3.71430259643822e-05,0.870021896360115,0.0446922726543313,0.0190117893094129,0.999998284084842,"ENSG00000178776.4",5,"ENSG00000178776"
0.00313503683575634,0.030704490366445,-0.000497318354667359,0.0362796666012938,0.0283612393293718,0.436236462030863,0.999987058870953,"ENSG00000251125.1",5,"ENSG00000251125"
-0.0028307393647811,0.156133716951674,0.000322961231979282,0.151026388380709,0.0192185713502365,0.490715597379107,0.999990710118289,"ENSG00000213896.4",5,"ENSG00000213896"
-0.00271181917436644,0.291510003399495,0.000155814758555958,0.562785336384122,0.0134257004299636,0.686055626366822,0.999995846425084,"ENSG00000251682.1",5,"ENSG00000251682"
0.000162378941078749,0.889516189555222,-0.000389883742668969,0.084708943774186,0.0384732029157549,0.0919587086331503,0.999994451716738,"ENSG00000204628.11",5,"ENSG00000204628"
0.00173967528873882,0.0986286473071663,3.00368734376014e-05,0.896567089350541,0.0485728281027697,0.0757043396716518,0.999994663069037,"ENSG00000232578.4",5,"ENSG00000232578"
0.00094481146362375,0.397979986299713,0.000255470624188205,0.297056117872007,0.0480649431159604,0.0146659877669911,0.999996278167816,"ENSG00000155858.5",5,"ENSG00000155858"
0.000739512969123277,0.507073766491659,-0.000490528913475788,0.0590671513900203,0.0549412336010427,0.0829464679646212,0.999993552594309,"ENSG00000169228.13",5,"ENSG00000169228"
-0.000977771376545475,0.392606072362664,-3.71327936572717e-05,0.873574396387513,0.0420321275684801,0.0735639203559787,0.999997590145605,"ENSG00000113088.5",5,"ENSG00000113088"
-0.00105438101762763,0.437454741899438,-0.000755138308412113,0.0140403844739333,0.0519656921178633,0.185451215931544,0.999990308930904,"ENSG00000113303.11",5,"ENSG00000113303"
-0.00187853642336037,0.330723109155552,0.000171015334503231,0.632603198290311,0.0367355203971754,0.43484000099408,0.999997168658684,"ENSG00000251348.1",5,"ENSG00000251348"
0.00135161216018543,0.245247155011574,-4.34294552687572e-05,0.850936273273683,0.0405291005936547,0.153431971371135,0.99999670427773,"ENSG00000251076.1",5,"ENSG00000251076"
-0.00151144386327784,0.114825562082213,0.000163108310579618,0.405139030420107,0.042436544511568,0.0996294390472394,0.999994395546641,"ENSG00000249158.6",5,"ENSG00000249158"
-0.00222697712554574,0.0287258989883353,4.73413743585996e-05,0.82815093150389,0.0460839024318919,0.0234891105061106,0.999991991939286,"ENSG00000164330.16",5,"ENSG00000164330"
-0.00157491994996836,0.315246489015706,0.000273961442023901,0.255190974813919,0.0256415135166983,0.322457768685999,0.999996275673722,"ENSG00000276945.1",5,"ENSG00000276945"
-1.02128604831898e-05,0.992050848029654,-0.000131870532118919,0.522923588824742,0.0411779145487484,0.0825003614426947,0.999998052725043,"ENSG00000152939.14",5,"ENSG00000152939"
0.000258560882103756,0.747419018508044,0.000618786852331964,0.00849553115642979,0.0866580150086686,0.139449526587274,0.999989021907428,"ENSG00000213891.3",5,"ENSG00000213891"
-0.00124488426653451,0.346884677297997,0.00041385902155253,0.0938700933431959,0.035778823121092,0.196918958698213,0.999994019098366,"ENSG00000087116.14",5,"ENSG00000087116"
-0.000716390798619741,0.556284725659352,0.000556512876970055,0.0068470248307722,0.0294242983805749,0.120122520540853,0.999987357534985,"ENSG00000112874.9",5,"ENSG00000112874"
0.000660067049004201,0.655507759233053,-0.000215861345370238,0.427439016075012,0.0351136428899975,0.316510306414035,0.99999766370466,"ENSG00000113722.16",5,"ENSG00000113722"
-0.00157695902821201,0.239982204095367,-5.90210737238278e-05,0.827535418766707,0.041568847119203,0.299937671214707,0.999996522332253,"ENSG00000241112.1",5,"ENSG00000241112"
1.9619422163522e-05,0.986957769888673,2.35913504994493e-05,0.914195044639325,0.0338052399686435,0.0737951062912999,0.999998607140254,"ENSG00000038427.15",5,"ENSG00000038427"
-0.00301695378085357,0.0150585216013356,0.000266086835156431,0.251363746739253,0.0355631764108814,0.105644960843458,0.999989219132412,"ENSG00000153914.15",5,"ENSG00000153914"
-0.000984341483088913,0.393352152482921,-0.000235566912602904,0.295908488386875,0.0383281357240756,0.0226177364878359,0.999995572942808,"ENSG00000123219.12",5,"ENSG00000123219"
5.8545851603636e-08,0.999960549293948,0.000205638399294038,0.33938935592564,0.0353481533081135,0.0394075109096052,0.999997355432426,"ENSG00000253647.1",5,"ENSG00000253647"
0.0148912925218833,1.13596069128244e-10,-0.00017336438235995,0.445837306546679,0.0116965469764871,0.602877804691318,0.999910940382433,"ENSG00000112964.13",5,"ENSG00000112964"
-0.00162936014856585,0.543717095878081,0.000865606154441357,0.000321002702526984,0.0159753151762788,0.545231284142554,0.999978720143976,"ENSG00000249855.1",5,"ENSG00000249855"
-0.00312818559542929,1.72423949357994e-05,-9.09278157949674e-05,0.672622799633474,0.0884361783548522,0.0913873342210716,0.999972562225583,"ENSG00000271788.1",5,"ENSG00000271788"
-0.000923950841084839,0.410523111233898,-0.000142663433604763,0.556440138673309,0.0474716079701375,0.10702117565267,0.999997381601612,"ENSG00000251666.1",5,"ENSG00000251666"
0.00282689783675825,0.0497555061597644,-2.59895694409168e-05,0.909103413644207,0.0254364748465096,0.150630740334111,0.999992275093332,"ENSG00000169258.6",5,"ENSG00000169258"
0.00444717008311638,0.0120250156711724,-0.000273695901510637,0.346134375924765,0.0331186548196062,0.528902266484421,0.999983877580381,"ENSG00000271752.1",5,"ENSG00000271752"
0.00289854596560049,0.0568945926898059,-0.000338916573665126,0.403671898163139,0.0738642281909174,0.294174198365853,0.999993348158591,"ENSG00000040275.16",5,"ENSG00000040275"
0.00164723392671986,0.233463327126427,0.000118609001120989,0.646720523959485,0.035986800696248,0.23519400358518,0.999996068989528,"ENSG00000215217.6",5,"ENSG00000215217"
2.40564792733516e-05,0.988590284773578,0.000102992395379323,0.795555201792552,0.0581477519259411,0.521303365744937,0.999998530274507,"ENSG00000184845.3",5,"ENSG00000184845"
0.00169952422220157,0.200405575540034,0.000867827600143805,0.000806837348220261,0.0402817636596071,0.185801622830434,0.999982184538837,"ENSG00000197451.11",5,"ENSG00000197451"
0.00281184444896753,0.00949828221300813,0.000315848485373467,0.144848850704439,0.0421603795715251,0.234215408504782,0.999985363335101,"ENSG00000250360.1",5,"ENSG00000250360"
0.000460019957485891,0.682833410225474,-0.000280003716984115,0.214593169534826,0.0425326690950263,0.36908953096074,0.999995908550813,"ENSG00000272354.1",5,"ENSG00000272354"
-6.32269648225824e-05,0.955426636184263,-0.000327112899979957,0.169860281532546,0.0447378253684771,0.045611872390918,0.999995982724358,"ENSG00000072786.12",5,"ENSG00000072786"
-0.000315124431085314,0.707531605450571,5.08056716899019e-05,0.825210350003442,0.0751036744197994,0.0194171012976188,0.999998366213947,"ENSG00000185129.5",5,"ENSG00000185129"
-0.00248709490631607,0.112011556963307,-4.9189003750188e-06,0.985190015510354,0.0308997076061625,0.378876125368185,0.999994792594945,"ENSG00000037280.15",5,"ENSG00000037280"
-0.000499674774510062,0.61086549154516,-2.35402470815166e-05,0.916426684925837,0.052358337321606,0.0288431381120304,0.999998266264988,"ENSG00000176087.14",5,"ENSG00000176087"
0.000232656465581666,0.87518992027483,-5.52292712077733e-05,0.837442550998835,0.0344064834570923,0.368176544481538,0.99999853321292,"ENSG00000156453.13",5,"ENSG00000156453"
-0.002697148331693,0.0273978490170886,-0.000233827975391205,0.414043613581445,0.0552131365843032,0.149846966681022,0.999990439441596,"ENSG00000120328.6",5,"ENSG00000120328"
0.00277402255972614,0.00952971333326024,0.000298085269701837,0.181834534689704,0.0442904458060965,0.135405937078067,0.999987628359518,"ENSG00000254363.6",5,"ENSG00000254363"
0.000986337924467424,0.467730124803107,0.000119009856729547,0.655024222626062,0.0405951713681259,0.249837966467711,0.999997394508494,"ENSG00000279821.1",5,"ENSG00000279821"
0.00296622724144258,0.0561907371661305,0.000487412015437799,0.0894845061876013,0.0353306512916731,0.250107791405682,0.999992295138236,"ENSG00000146083.11",5,"ENSG00000146083"
-4.50705925133817e-05,0.965120025264487,-0.000161460235155295,0.47623163413505,0.0488064804526055,0.0591983891746972,0.999997807635969,"ENSG00000160867.14",5,"ENSG00000160867"
-0.00361087405941131,0.0132982946479475,-0.000193087334339197,0.488558490622216,0.0373335050579602,0.297427690103662,0.99998983219826,"ENSG00000250421.5",5,"ENSG00000250421"
-0.00114827991322087,0.422448221339695,-0.000308502691201029,0.252946123837349,0.037188929025394,0.25940364601184,0.999996047880024,"ENSG00000250669.1",5,"ENSG00000250669"
0.00165567216616856,0.250514853249849,-0.000166946895446884,0.453272694468123,0.0248488482291562,0.178713662671312,0.999995750705044,"ENSG00000176928.5",5,"ENSG00000176928"
0.000634390698701806,0.643474612636814,0.000849944026673561,0.0036877829614982,0.0463820052492181,0.190084203193272,0.999986643974882,"ENSG00000131187.9",5,"ENSG00000131187"
0.00155982292281846,0.102116605911456,0.000427600877822363,0.050182832619176,0.0525876216069366,0.0351346622778742,0.999990210522992,"ENSG00000168938.5",5,"ENSG00000168938"
0.000326231427977209,0.788246985794882,-0.000487887445722707,0.0633452889932189,0.0470391054477682,0.119430682706138,0.999993847072263,"ENSG00000150712.10",5,"ENSG00000150712"
-0.000844945112202773,0.462231879049418,0.000301939375448508,0.1524256209616,0.0340362320573,0.0178225983502396,0.99999520717671,"ENSG00000071539.13",5,"ENSG00000071539"
0.00217001705681373,0.317175911940472,-0.000292986774192127,0.203447307727382,0.0129446627642696,0.593781209898956,0.999994050964409,"ENSG00000177733.6",5,"ENSG00000177733"
0.000469244008959657,0.702832407138272,3.15756509067136e-06,0.985830693055518,0.0217310220218037,0.134575692472855,0.999998399030948,"ENSG00000113369.8",5,"ENSG00000113369"
0.00418001350302326,0.0721441038995297,-4.89931621786088e-05,0.921031119070434,0.0492812945100283,0.639761863077686,0.999992827094374,"ENSG00000165810.16",5,"ENSG00000165810"
0.000434476070837047,0.700441512485422,-0.000199433529312302,0.348883412311043,0.0375589305301701,0.22612201749673,0.999997025902527,"ENSG00000152931.7",5,"ENSG00000152931"
-0.000142177416938433,0.914636918703356,8.32229904073282e-05,0.759006683782561,0.0441959232842222,0.246876056618988,0.999998487247137,"ENSG00000245556.2",5,"ENSG00000245556"
-0.00228587931884109,0.0813588314585665,-7.8707659214956e-05,0.71418828785199,0.0270048809275875,0.0361441158455442,0.99999436765186,"ENSG00000253858.1",5,"ENSG00000253858"
0.00130803540514136,0.399408428270765,-5.68151569568552e-05,0.821951402249066,0.0281188631675987,0.339990929425017,0.999997308657876,"ENSG00000259802.1",5,"ENSG00000259802"
0.00269210352900307,0.0343471842033556,-0.000251140254868729,0.307973453008791,0.0386642816893258,0.111022381873482,0.999988096227445,"ENSG00000152705.7",5,"ENSG00000152705"
0.000441287189733424,0.738996586725374,0.000468251803375939,0.0696188022270954,0.0403268895347518,0.195556892291538,0.999993192727408,"ENSG00000249655.1",5,"ENSG00000249655"
0.00154366589978024,0.15299583665408,-0.000240519790466662,0.287305665400965,0.0442038737047886,0.058487543969443,0.999994026780669,"ENSG00000245711.2",5,"ENSG00000245711"
0.00107619190897166,0.320960216919668,-8.49120678701462e-05,0.725048061753044,0.0498811738504667,0.0754004142560241,0.999996940690392,"ENSG00000198961.9",5,"ENSG00000198961"
0.000644868795248813,0.647972418249099,0.000101822226978542,0.693285828884702,0.034600330006449,0.226005916300508,0.999998231483023,"ENSG00000170091.10",5,"ENSG00000170091"
0.00115891393724584,0.295786243452913,0.000679508363336228,0.0104590371015401,0.0579594561016274,0.0863243905132837,0.999986696623404,"ENSG00000272021.1",5,"ENSG00000272021"
-0.00108753647874967,0.366662834492556,0.000149404564251227,0.515450470557054,0.0365712779611283,0.0411244260744551,0.999997242971752,"ENSG00000175416.12",5,"ENSG00000175416"
0.000554644685977846,0.515896133719009,-3.68277192116055e-05,0.868178886572346,0.0677322901093779,0.034203237356581,0.999998016169071,"ENSG00000081189.15",5,"ENSG00000081189"
-0.000227805589786246,0.827766828845658,0.000542936373825159,0.0206432726084864,0.0506986996233757,0.106958428097735,0.999991194771196,"ENSG00000272308.1",5,"ENSG00000272308"
2.40597731088418e-05,0.98664269856691,-0.00031882427137402,0.225576367310457,0.0353364248511202,0.316359392768675,0.999996502390466,"ENSG00000037241.7",5,"ENSG00000037241"
-0.000360005367166024,0.72576991218727,-0.000147736109615231,0.544817671888398,0.0565556583909876,0.00827296031729238,0.999997807663747,"ENSG00000276545.1",5,"ENSG00000276545"
0.000465331197164656,0.651508286511259,-0.000277687658821238,0.191761224296126,0.0426858278079907,0.016389540942508,0.999995717173929,"ENSG00000155868.7",5,"ENSG00000155868"
0.000291932312188297,0.805559432157834,0.000150824185351757,0.488154230074216,0.0338216421097236,0.0194424255626588,0.999997940772086,"ENSG00000145675.14",5,"ENSG00000145675"
0.000457940836699979,0.72047650076833,0.000174410609309113,0.528489872551794,0.0477029642038887,0.23191721589578,0.99999800890763,"ENSG00000283498.1",5,"ENSG00000283498"
-0.00145209817380728,0.308826660660555,-0.000718793897557422,0.00455670416244901,0.0342570912803172,0.277427877804263,0.999986955594752,"ENSG00000145916.18",5,"ENSG00000145916"
-0.000976096910893445,0.290898102453715,0.000785835389790089,0.0116697347076108,0.114723177446454,0.332012736432673,0.999982720917956,"ENSG00000174132.8",5,"ENSG00000174132"
0.00105259246040988,0.37931410461142,-0.000365436756962579,0.0948229697258783,0.0336878031851195,0.0444253425013049,0.999994046233551,"ENSG00000204956.5",5,"ENSG00000204956"
0.000258385894612448,0.82864288451829,-0.000332565612440015,0.123776538752426,0.0334444916180409,0.0680510118157698,0.999994911776296,"ENSG00000168246.5",5,"ENSG00000168246"
-0.00196836520058115,0.154875103661515,-0.000330183578017332,0.235245043304226,0.0416642847554491,0.23071535162944,0.99999228873744,"ENSG00000249684.5",5,"ENSG00000249684"
-0.000236322596196842,0.883907347531002,-4.69780428666188e-05,0.858046901564498,0.0279817364592179,0.395942231067337,0.999998552602619,"ENSG00000157510.13",5,"ENSG00000157510"
0.000270512759937896,0.841664520494155,9.46086060561023e-05,0.718347196145045,0.0405999340846088,0.211803098028875,0.999998389056309,"ENSG00000095015.5",5,"ENSG00000095015"
0.000348466727355281,0.724152893517261,-4.79634338215486e-05,0.816660203877649,0.0443157144239675,0.0543842310483333,0.999998418612365,"ENSG00000249353.2",5,"ENSG00000249353"
0.00170176260647808,0.152344039434159,0.000164836066164211,0.414039176540695,0.0314418816652333,0.0562407448492887,0.999994359137279,"ENSG00000171643.13",5,"ENSG00000171643"
6.18688291946743e-05,0.961863740221157,-0.00030519388656531,0.249768121076273,0.0427988616869887,0.223250243038905,0.999996735003835,"ENSG00000253865.1",5,"ENSG00000253865"
0.000920052837956196,0.373964725564626,-7.55956406642932e-05,0.698026965376722,0.0359285649120026,0.0604301746553034,0.999997149073799,"ENSG00000131188.11",5,"ENSG00000131188"
0.00280473312581201,0.0116024960382722,-5.3666826903701e-05,0.80132195317613,0.0372529630725533,0.116080769913734,0.999989575172643,"ENSG00000172497.8",5,"ENSG00000172497"
0.000292313852677252,0.854337610803046,-0.000112702009683795,0.704472419951456,0.0361301103574891,0.262888652733926,0.999998193050281,"ENSG00000198055.10",5,"ENSG00000198055"
-0.00220318101815749,0.119139897518894,0.000287936201887422,0.284301581359155,0.0370460412078103,0.159681261574971,0.999994782802279,"ENSG00000127022.14",5,"ENSG00000127022"
0.00220764609033468,0.116192892682618,1.91529218535186e-05,0.939451751422733,0.0338099632963256,0.274732521197525,0.999995025156102,"ENSG00000173545.4",5,"ENSG00000173545"
0.000367462442518654,0.770086998617459,-7.80623245712411e-05,0.745801973952103,0.0394342439042685,0.302384819445209,0.999998378139438,"ENSG00000255647.3",5,"ENSG00000255647"
-0.00485076252523593,0.0966460988759712,-0.000131957233387556,0.693636039041616,0.0184373696533713,0.720575522608389,0.999992886208374,"ENSG00000197860.9",5,"ENSG00000197860"
0.00135403377887908,0.3197656066452,0.000429707945085426,0.0318109449525172,0.0235922362392531,0.153088789028279,0.999989861059715,"ENSG00000280420.1",5,"ENSG00000280420"
-0.000300941981406662,0.801775255133887,0.00010271720911955,0.679359532304061,0.0443200056202512,0.136899102275234,0.999998192219516,"ENSG00000164292.12",5,"ENSG00000164292"
0.000710098452966814,0.547694544351543,3.86164069053105e-05,0.877386603180034,0.0457029878238254,0.108333966662956,0.999998073942678,"ENSG00000131508.15",5,"ENSG00000131508"
-0.00152686108130435,0.378147121475332,5.72679139922353e-05,0.782937535658924,0.017153369501501,0.456635730000056,0.999997270012367,"ENSG00000170469.10",5,"ENSG00000170469"
-0.000394260561821883,0.802346796231619,0.000260170986290789,0.407766303625309,0.0475945397387464,0.383235383704366,0.999997533813505,"ENSG00000043143.20",5,"ENSG00000043143"
0.00177947104453313,0.144456702224376,-0.000149253616066371,0.497509584666571,0.0327145752768868,0.06728532951214,0.999993577265239,"ENSG00000082515.17",5,"ENSG00000082515"
0.00351862225636736,0.0149510514043264,-0.000241309268460429,0.307259483097343,0.0283574999075566,0.373031365589724,0.999988534561312,"ENSG00000260871.1",5,"ENSG00000260871"
0.00175709412074361,0.196939200423574,-0.000502634649722841,0.00598071138544441,0.0193421231744532,0.22164853303731,0.999987294516903,"ENSG00000156475.18",5,"ENSG00000156475"
0.00178414506492661,0.201978331939146,-0.000204972003610844,0.416148748730108,0.0341697724068019,0.279502457516468,0.999994990823832,"ENSG00000187678.8",5,"ENSG00000187678"
-0.00133432632578727,0.263108815697677,0.000117779757661553,0.658363374761151,0.0507873273771454,0.135586139280141,0.999996297968006,"ENSG00000072803.17",5,"ENSG00000072803"
0.00256090911299353,0.0591555585949197,0.000548363656649283,0.0498594255160052,0.0438032548256001,0.186876458952397,0.999990829037303,"ENSG00000271714.1",5,"ENSG00000271714"
0.000740092084830971,0.627987898593977,0.000415740006205929,0.126064678831227,0.0342490581745616,0.367137364927595,0.999995273498887,"ENSG00000145860.11",5,"ENSG00000145860"
-0.00124875821795237,0.218550970036078,-0.000122555985300698,0.595571185480237,0.0519213159608335,0.0373240205586041,0.999996282904288,"ENSG00000243304.3",5,"ENSG00000243304"
-0.00222430750449425,0.232422075021151,0.000458519674505552,0.581932419660038,0.197531284615418,0.257043963329565,0.999991317912776,"ENSG00000226259.10",5,"ENSG00000226259"
0.00313015840882781,0.0404522393889536,-0.000426664447318878,0.364990427702276,0.0958405189735413,0.160552498039266,0.999992641411785,"ENSG00000215630.6",5,"ENSG00000215630"
-0.000647350067062062,0.606734383109326,0.000816970731188057,0.0172879899208281,0.0749309996183418,0.0646053396275754,0.999990483726628,"ENSG00000250387.2",5,"ENSG00000250387"
-0.00177941305959428,0.129272275463095,0.000142579885937916,0.495779930498733,0.0320344958307098,0.0343559136552065,0.999995262804719,"ENSG00000251634.2",5,"ENSG00000251634"
-0.00101389334401075,0.42087258982073,-0.00026226789597691,0.18013789969496,0.0252506236549386,0.237571095555801,0.999995126265193,"ENSG00000243232.4",5,"ENSG00000243232"
0.00137752644943077,0.262549322557487,-5.16189155594034e-05,0.823029554055956,0.0361544866147767,0.104619819914527,0.999996719197125,"ENSG00000249437.7",5,"ENSG00000249437"
0.000677883466434473,0.594075493237489,-0.000236998704822264,0.357339929714049,0.0414536398274298,0.182087073729492,0.999997191587667,"ENSG00000247516.6",5,"ENSG00000247516"
0.00346702428908572,0.000464406635771433,0.000395576445507257,0.0799191269544571,0.0525227386883149,0.0117398673856883,0.999976875769374,"ENSG00000063438.16",5,"ENSG00000063438"
0.0038029976826149,0.163607090251964,-0.000467363420886757,0.061362940373902,0.0130237065480405,0.651569363519306,0.999990420171762,"ENSG00000158458.19",5,"ENSG00000158458"
-0.00100575168487354,0.350153747335844,-0.000439120898311424,0.03226542877156,0.0366990870262591,0.0449848073374403,0.999990518905224,"ENSG00000231579.3",5,"ENSG00000231579"
-0.00108366513400533,0.454619538969505,0.000366334332868001,0.208575622267685,0.0422090708198165,0.338159248977404,0.999994428706541,"ENSG00000249485.1",5,"ENSG00000249485"
0.00107476300556814,0.456679700773657,0.000346367774934665,0.153366056282149,0.030904650730655,0.456218888980016,0.999995362923755,"ENSG00000239642.5",5,"ENSG00000239642"
0.000716951327802274,0.485940235193673,6.13936352402197e-05,0.761333569395272,0.0387435844026749,0.0272530666479347,0.999997876559907,"ENSG00000113657.12",5,"ENSG00000113657"
0.000336282162393195,0.775311149562132,-0.000466298505666977,0.0324295546468908,0.0345584790079558,0.0430407140090925,0.999992274332229,"ENSG00000249412.1",5,"ENSG00000249412"
0.00246657218804726,0.0173108068840859,-0.000125716969813725,0.594973524886699,0.0524178482461968,0.0409955450797627,0.99999076530171,"ENSG00000279400.1",5,"ENSG00000279400"
-0.000612260436394941,0.662995209597428,0.00014473613559702,0.636902439148729,0.0502176942106747,0.222206771600925,0.999997703317736,"ENSG00000113558.18",5,"ENSG00000113558"
-0.00249623291149971,0.082959649731407,-0.000140319937796123,0.652671552326529,0.0484561328329068,0.305065596736,0.999994306564347,"ENSG00000169302.14",5,"ENSG00000169302"
-0.00129389057559757,0.358407068705195,0.000104464439248526,0.729406039550264,0.0464097419308247,0.132395270394819,0.999996279829338,"ENSG00000133710.15",5,"ENSG00000133710"
-0.00155926422270478,0.163301498070794,0.000186102421856025,0.351869455941844,0.0320007020674169,0.00728626607682203,0.999994224948565,"ENSG00000172901.19",5,"ENSG00000172901"
-0.00189833204887847,0.0765340621855609,0.000151534385382999,0.521597954863175,0.0495233280495894,0.103984070710554,0.999993966490017,"ENSG00000249958.1",5,"ENSG00000249958"
-0.00204313962813961,0.0816972317646375,-0.000285831235983321,0.206428523114589,0.0379533933537135,0.108459086566711,0.999992456385021,"ENSG00000078295.16",5,"ENSG00000078295"
0.000833345312467499,0.578542215428178,0.000613382650389636,0.0313834619457877,0.0388353975139141,0.326294510323725,0.999991956122377,"ENSG00000184840.11",5,"ENSG00000184840"
0.00125178872431005,0.326092793775837,0.000780899126136397,0.000247283494159162,0.0291014668942166,0.264488459513344,0.999976866755176,"ENSG00000249279.5",5,"ENSG00000249279"
-0.00119016073497262,0.30180507565437,7.45139015438001e-05,0.782009923803752,0.0557502701816075,0.189576054303607,0.999997033491892,"ENSG00000153404.14",5,"ENSG00000153404"
-0.000801056464257875,0.636317508932922,0.000563780828043506,0.0732346320280313,0.036096066989585,0.495731099563738,0.999994193512251,"ENSG00000253731.2",5,"ENSG00000253731"
0.00319522449684747,0.0127457681040765,-0.000348744908634922,0.128669124455834,0.032709431623825,0.139079406388731,0.999984582920025,"ENSG00000248587.7",5,"ENSG00000248587"
0.000367493293270286,0.669765704287871,-0.000277247117359779,0.0731629405002724,0.0323870860608205,0.0205416032330566,0.999993481920947,"ENSG00000131495.8",5,"ENSG00000131495"
0.000530935084001019,0.666850177622499,-7.61920261850883e-05,0.694858943962889,0.0248622600936907,0.00715375944782553,0.999998093344239,"ENSG00000182230.11",5,"ENSG00000182230"
-0.00148187566145148,0.194682942535103,2.4324813360686e-06,0.991150844881262,0.0373548054062147,0.0440709855602118,0.999995933699605,"ENSG00000254245.2",5,"ENSG00000254245"
0.000463576546972863,0.685409481912961,0.000204865374749566,0.412683107962849,0.0482878963663669,0.0928649824060159,0.999996956307128,"ENSG00000253537.2",5,"ENSG00000253537"
0.000223993696693599,0.856689118003838,5.54915174617158e-05,0.800216962947142,0.0317690440421394,0.09482282905713,0.999998503373281,"ENSG00000145536.15",5,"ENSG00000145536"
0.00516832690828306,0.122445202033973,0.00031268617892031,0.257978224622106,0.00915863970533733,0.779770695045803,0.999992165407271,"ENSG00000158402.18",5,"ENSG00000158402"
0.00429518757809335,0.0273945367656251,0.000265683238637916,0.483857852960753,0.0378138271421137,0.618445746126479,0.999990838755758,"ENSG00000161013.16",5,"ENSG00000161013"
0.000684149615575796,0.561324483707851,-0.000359065925719412,0.108175003585514,0.0364560792704164,0.0639547012461922,0.999994871333944,"ENSG00000113552.15",5,"ENSG00000113552"
0.0013673666910875,0.52443555770832,4.27454140739885e-05,0.923718130660086,0.0449069042974855,0.423106955006515,0.999997078064632,"ENSG00000165671.19",5,"ENSG00000165671"
0.00260456644642426,0.015917667989685,3.37954133661795e-05,0.923896450871546,0.107519698243554,0.175719760162648,0.999988841258519,"ENSG00000205572.9",5,"ENSG00000205572"
-0.00150785498548159,0.12561371835612,-7.5003985994786e-05,0.770731502871364,0.0686587921576493,0.0483537074693167,0.999995099674904,"ENSG00000198237.8",5,"ENSG00000198237"
0.00378905149341544,0.00839014042295246,0.000206134239902309,0.44871186510255,0.0371358483781004,0.350828187015609,0.999987839501904,"ENSG00000164338.9",5,"ENSG00000164338"
-0.0031346294607687,0.00183834222429026,-9.30488556924989e-06,0.96277494080089,0.0398871620905824,0.0542745341857205,0.999984225287113,"ENSG00000274525.1",5,"ENSG00000274525"
0.00233636228557559,0.0705617395799979,-0.000563489391860313,0.0415691156422307,0.0465868499275122,0.106026687792489,0.999990741846886,"ENSG00000113580.14",5,"ENSG00000113580"
-0.00143677059344847,0.403995506964502,0.000200082516836415,0.525322040014863,0.036340400047771,0.463296004572496,0.999997127102598,"ENSG00000145741.15",5,"ENSG00000145741"
0.00055185320972687,0.688709280236262,6.76736941576484e-05,0.796638163402903,0.0379196879824282,0.292896259188295,0.999998288560544,"ENSG00000253693.1",5,"ENSG00000253693"
0.000712100658829975,0.532473262364437,0.000135612695733818,0.56440254775146,0.0428700143779381,0.0650316958648008,0.999997543564246,"ENSG00000230612.3",5,"ENSG00000230612"
0.00385106991543794,0.000165338990583637,0.000150485075753115,0.611161463580078,0.0838586786320329,0.00793491054635019,0.999977638796203,"ENSG00000253816.3",5,"ENSG00000253816"
-0.00612741856497524,0.20087715660911,0.000761764105011197,0.199853179745248,0.0153302385054073,0.911236542087441,0.99999106457678,"ENSG00000250687.6",5,"ENSG00000250687"
-0.000617524204995362,0.530016726014066,-0.000223693046855886,0.224371020974086,0.035534308459337,0.0492025916833417,0.999996416630867,"ENSG00000269961.1",5,"ENSG00000269961"
0.00104358169787766,0.484892961839518,0.000406324348141371,0.224644664595271,0.051188731159989,0.302144746586012,0.999996328718239,"ENSG00000270021.1",5,"ENSG00000270021"
0.0027969217938059,0.00910231715381334,-0.000320273942710801,0.11333403940595,0.0365441304922392,0.0730640809009358,0.999984484877921,"ENSG00000164172.18",5,"ENSG00000164172"
0.000262314793517219,0.857886109954755,2.3416814869855e-05,0.927350870022011,0.0322912136898355,0.277620879811749,0.999998562284395,"ENSG00000087206.16",5,"ENSG00000087206"
-0.000639029922079084,0.601124770377843,0.000217388732394912,0.345137431940795,0.0364555078420428,0.139534053136068,0.999996951068512,"ENSG00000038274.16",5,"ENSG00000038274"
-0.000293350140047387,0.876848771687251,0.00019947820558916,0.60714499935869,0.0438401230338691,0.496091006539822,0.999997889215989,"ENSG00000245275.7",5,"ENSG00000245275"
0.00152581290339943,0.205108189334331,-0.000288769240340991,0.145308986791315,0.0274891757571495,0.0723960295896926,0.999992459147951,"ENSG00000277039.1",5,"ENSG00000277039"
0.000209881438745495,0.914677297160587,-0.000169885778095241,0.434681821254585,0.0145188165263227,0.562171756648281,0.999997780412355,"ENSG00000146021.14",5,"ENSG00000146021"
-0.00278676122290465,0.0129408781956292,-0.000783148587029339,0.000298081653114796,0.0404423018571127,0.171313890861795,0.99997710104282,"ENSG00000272382.1",5,"ENSG00000272382"
-0.00267674232194346,0.055325017127123,0.000246394683113805,0.335724915662671,0.0359189966397199,0.234776150042711,0.999992680488223,"ENSG00000113262.14",5,"ENSG00000113262"
9.83349268158312e-05,0.931803996109339,-6.93412812030809e-05,0.770976701374686,0.043833485289688,0.10382159905998,0.999998481064702,"ENSG00000152670.18",5,"ENSG00000152670"
-0.00219842093518337,0.0700652877304418,-0.000113424968823422,0.6029037310397,0.0325772790443193,0.0795335947784515,0.999993643171002,"ENSG00000261934.2",5,"ENSG00000261934"
-0.00439596611981085,6.64140368196399e-06,-0.000216197376138886,0.359409797293307,0.0588863659771292,0.136507254591485,0.999968707152801,"ENSG00000113013.12",5,"ENSG00000113013"
-0.00011033515841039,0.931178102113708,-0.000101046293133362,0.798710502068892,0.0975059920252072,0.0883558074408693,0.999998511460547,"ENSG00000170089.15",5,"ENSG00000170089"
0.000426945715791774,0.776435369265456,-0.000358276309956469,0.0895858024497069,0.021555589499141,0.306439327089769,0.999994602691107,"ENSG00000173261.8",5,"ENSG00000173261"
0.00276035006743946,0.0401923621775249,-0.000315186873109138,0.230271462024599,0.0387502258459377,0.180386228003322,0.999992181521111,"ENSG00000250764.1",5,"ENSG00000250764"
0.00245881538648729,0.0171774818598974,-0.00037101423680339,0.115830817009278,0.0526175150554733,0.0656729643455096,0.999988254633093,"ENSG00000079215.13",5,"ENSG00000079215"
-0.00115250738202307,0.482119001443584,-8.84615667692098e-05,0.707973728315303,0.0251707599836488,0.437652665060751,0.999997671730519,"ENSG00000164366.3",5,"ENSG00000164366"
-0.00503326270522494,4.53284493627616e-09,0.000401712654652174,0.0707199286575737,0.0676847255096311,0.0993177567748472,0.999934550286473,"ENSG00000094880.10",5,"ENSG00000094880"
0.00648253948651981,0.00492481734041896,-0.000536810382437182,0.0295483036122337,0.0128884388599052,0.628951343604194,0.999980750747642,"ENSG00000248483.6",5,"ENSG00000248483"
0.000162578902028053,0.893126137504967,0.000206754192665724,0.351709035314979,0.0344988959236303,0.13231224432602,0.999997382190852,"ENSG00000113073.14",5,"ENSG00000113073"
-0.00105021767031816,0.367570187215603,-0.000162817018060354,0.473643362416355,0.0386363684002321,0.0925074775966079,0.999996960562142,"ENSG00000184584.12",5,"ENSG00000184584"
0.00255007257832661,0.104842779421898,0.000536746494497038,0.0174902115657893,0.0230003016652195,0.367227322023778,0.999984567595054,"ENSG00000130449.5",5,"ENSG00000130449"
0.000105321332434182,0.939085658256833,-0.000319659630857502,0.171208195077391,0.0302350470914172,0.252460802341418,0.999995853996183,"ENSG00000120329.6",5,"ENSG00000120329"
0.00115141527774605,0.315487705600839,-0.000159485157175309,0.454189287545942,0.0352405785316163,0.204073621154529,0.999996698999402,"ENSG00000248449.2",5,"ENSG00000248449"
0.000159295476352273,0.882385364644807,0.000184438505794145,0.355247915456855,0.0345255789915997,0.0323931042604204,0.999997289538745,"ENSG00000254122.2",5,"ENSG00000254122"
0.00137592158145563,0.47995713242682,0.000441260373728327,0.0731370571950046,0.0177820805740066,0.579494207316625,0.99999303988426,"ENSG00000113070.7",5,"ENSG00000113070"
0.0042352161289939,0.00103433159347405,-0.000450697716000081,0.0987798688201056,0.0452198401532963,0.212079421322611,0.99998104774155,"ENSG00000272323.1",5,"ENSG00000272323"
-0.000995815457355094,0.438626798679067,-8.44143649138084e-05,0.672436016865592,0.0246371889539051,0.125151272981059,0.999997678094,"ENSG00000155846.16",5,"ENSG00000155846"
-0.000395993128134126,0.73016458482655,0.000322032344275484,0.153824976619542,0.0388610206721297,0.0300850774015712,0.999995694924254,"ENSG00000164347.17",5,"ENSG00000164347"
0.00309989737714284,0.00881139550698767,-0.00034698191214816,0.158294001494157,0.0435690213962872,0.118604747257565,0.999987058155195,"ENSG00000198624.12",5,"ENSG00000198624"
0.000426131705018027,0.696316449878788,0.000193941903179364,0.421916406685388,0.0507978429508066,0.283370966552525,0.999997695471993,"ENSG00000248309.7",5,"ENSG00000248309"
0.000634844938725913,0.741884348010166,4.49459253217566e-05,0.871463671839281,0.0239863126896916,0.576690523840974,0.999998364026355,"ENSG00000112972.14",5,"ENSG00000112972"
-0.00371376564309978,0.00458381483191678,0.000432617722900558,0.0379941753540475,0.0267311162517897,0.200617479807979,0.999980196925924,"ENSG00000279375.1",5,"ENSG00000279375"
0.0018037093167494,0.329709982340267,-0.000126906640493009,0.546928225249284,0.0165400343639563,0.465488041008747,0.99999556609684,"ENSG00000272370.1",5,"ENSG00000272370"
0.000295135342510805,0.795470686254195,0.000126832152864228,0.588971224856727,0.0431822637258035,0.127525694970329,0.999998141547528,"ENSG00000271410.1",5,"ENSG00000271410"
0.00138354779433422,0.292472488843677,-7.73786319874077e-05,0.731386577413318,0.0301960544947624,0.115466226944345,0.999996243615555,"ENSG00000198780.11",5,"ENSG00000198780"
0.000139167579697566,0.907692217211718,4.83706920007066e-05,0.834510182289768,0.0382490786177487,0.115577866214795,0.999998536387738,"ENSG00000250889.2",5,"ENSG00000250889"
0.00340586564642811,0.0505209610477211,0.000475530692202382,0.0795451200969473,0.0291365142213404,0.502783577525249,0.999988310030919,"ENSG00000146006.7",5,"ENSG00000146006"
-0.000634289715028518,0.761904510018916,-0.000174041751065641,0.493694042501972,0.0190471814622857,0.652458189835227,0.999997686453621,"ENSG00000151883.17",5,"ENSG00000151883"
-0.00168298653435936,0.099966393270285,0.000211068509966362,0.312368651785602,0.0420409290272397,0.057355030803413,0.999993946779335,"ENSG00000272108.1",5,"ENSG00000272108"
-0.00111323981234654,0.283287716536601,0.000415247362499768,0.069280811747128,0.0504622631453022,0.319542052717117,0.999991445461162,"ENSG00000120324.8",5,"ENSG00000120324"
-0.00294322274730258,0.115269695721384,0.00032721380171786,0.246579503202913,0.0262059573634679,0.558486325678334,0.999994036454768,"ENSG00000134056.11",5,"ENSG00000134056"
0.000420814240540361,0.725911299390584,0.000128440205856148,0.590281370973256,0.040088532735018,0.0929495323417064,0.99999815855867,"ENSG00000113441.15",5,"ENSG00000113441"
-0.00148691962665177,0.219552595042125,-0.00012027316399292,0.595997609680996,0.0355371511903072,0.106734873461036,0.999996493422006,"ENSG00000113212.6",5,"ENSG00000113212"
0.00262825711742084,0.0187885100716022,-0.000440669279631202,0.0424566836813613,0.0377174062768456,0.00388990604713283,0.999988353646618,"ENSG00000152611.11",5,"ENSG00000152611"
-0.00038497428740028,0.701996264605227,0.000294126221436082,0.169787497169076,0.0456637415880483,0.0664391157524442,0.999995868592607,"ENSG00000160883.10",5,"ENSG00000160883"
-0.000795965678417174,0.485869869857658,-0.000322111145382008,0.171591464842635,0.042822303669832,0.0500186102676744,0.9999942727827,"ENSG00000145901.14",5,"ENSG00000145901"
0.00799369883700357,0.00876057428150185,-0.000513675447099601,0.0643354387878292,0.0141692656335515,0.667791980355046,0.999978032966365,"ENSG00000250842.1",5,"ENSG00000250842"
0.0015083451633307,0.164415757213237,-0.000168642140492636,0.4693898860347,0.0468210088238177,0.168174985173115,0.999994667497138,"ENSG00000131503.20",5,"ENSG00000131503"
-0.000991978871028177,0.168282275240197,-0.000521795210264811,0.0106928357216185,0.0809865975073949,0.0507507844127389,0.999987465893446,"ENSG00000246323.2",5,"ENSG00000246323"
-0.00129879386541895,0.137790506700864,-0.000174282537404237,0.373291331682864,0.0505123056707846,0.0617059844096381,0.999994989385378,"ENSG00000249751.3",5,"ENSG00000249751"
-0.00196495274357739,0.0338464209790386,2.72317570859425e-05,0.91155629048897,0.0736137951061358,0.185710521787473,0.999992103943896,"ENSG00000248464.1",5,"ENSG00000248464"
0.00142208338892403,0.592957721468192,0.000818961258705366,0.00132240466552351,0.0164028286159843,0.568501708813904,0.999983886747443,"ENSG00000249492.1",5,"ENSG00000249492"
-0.00128487952310022,0.171531591077898,0.000128725487555752,0.569481212404366,0.0596194784284981,0.169747823732338,0.999995383995038,"ENSG00000151876.12",5,"ENSG00000151876"
-0.00200112322625954,0.223520312815238,0.000426775415987972,0.0681540044352475,0.0244482409456118,0.39744094108899,0.99999244694128,"ENSG00000146013.10",5,"ENSG00000146013"
-0.00333648196499528,0.0172548243281777,-0.000702184199477474,0.0099012241157008,0.0412377101880734,0.376624756755519,0.999982581492351,"ENSG00000250138.4",5,"ENSG00000250138"
0.00229955798932702,0.0859817395073002,-0.000175648174220839,0.447789444495024,0.0327567946836369,0.394517817176174,0.999993593438408,"ENSG00000254701.3",5,"ENSG00000254701"
-0.00363158500087931,0.000353143907284965,-8.96942115229087e-05,0.671765527268449,0.0434125893322862,0.00654721217681098,0.999981030509672,"ENSG00000113205.5",5,"ENSG00000113205"
-0.0142140209365827,0.000208852183763559,0.000204251640726531,0.569265025528971,0.0134251101561341,0.763082488603863,0.999957798482994,"ENSG00000172239.13",5,"ENSG00000172239"
-0.00140690249320762,0.207739771439207,-7.27405133909353e-05,0.761858994641189,0.0476679850714902,0.353151305693179,0.999996358380814,"ENSG00000078795.16",5,"ENSG00000078795"
-0.00417959993757519,0.00134375335819506,-0.000181818162382525,0.401031016573726,0.0285418407049061,0.218459285970896,0.999979510754744,"ENSG00000113048.16",5,"ENSG00000113048"
0.00157129376673168,0.223621303557264,-0.000205917399280532,0.489093567415175,0.0610658308156615,0.555680843137799,0.999995156173452,"ENSG00000164398.12",5,"ENSG00000164398"
-0.00111155181264348,0.534658728535395,-0.000306377420632946,0.19545576778766,0.0197408735203652,0.518474144722898,0.999996097626068,"ENSG00000120709.10",5,"ENSG00000120709"
-0.00184540070888197,0.101307423956565,-0.000376058219388442,0.0960399072636486,0.0405492076200545,0.0808137263803764,0.99999087070668,"ENSG00000134480.13",5,"ENSG00000134480"
-0.00630396144791349,0.00174524000050115,0.000572206657722536,0.235101239373723,0.058973125224511,0.730726441019082,0.999983540376211,"ENSG00000217128.11",5,"ENSG00000217128"
0.00800822363987999,7.12440091500851e-20,0.000900755564419885,0.00118255197336929,0.0996907290142304,0.225698291723109,0.999872227249166,"ENSG00000250722.5",5,"ENSG00000250722"
-0.0106125605778189,0.02225679998673,-0.000851915194409891,0.180195140278791,0.0216977392209957,0.815800183019124,0.999987754649304,"ENSG00000172062.16",5,"ENSG00000172062"
-0.000600674043895853,0.722388310256182,-7.25446616037198e-05,0.824653555302313,0.0399863105603688,0.596139458158308,0.999998416614649,"ENSG00000186687.15",5,"ENSG00000186687"
